0 7.298831000 140 49
1 7.298831000 202 144
2 7.298831000 125 145
3 7.298831000 48 113
4 7.298831000 111 127
5 7.298831000 30 102
6 7.298831000 128 40
7 7.298831000 48 47
8 7.298831000 103 149
9 7.298831000 28 120
10 7.298831000 198 102
11 7.298831000 213 83
12 7.298831000 198 83
0 7.308831000 139 48
1 7.308831000 201 143
2 7.308831000 124 144
3 7.308831000 47 112
4 7.308831000 110 126
5 7.308831000 29 101
6 7.308831000 127 39
7 7.308831000 47 46
8 7.308831000 102 148
9 7.308831000 27 119
10 7.308831000 197 101
11 7.308831000 212 82
12 7.308831000 197 82
0 7.318831000 139 47
1 7.318831000 202 143
2 7.318831000 124 144
3 7.318831000 45 112
4 7.318831000 109 127
5 7.318831000 28 101
6 7.318831000 127 39
7 7.318831000 47 46
8 7.318831000 103 149
9 7.318831000 28 119
10 7.318831000 197 100
11 7.318831000 213 82
12 7.318831000 198 81
0 7.328831000 139 47
1 7.328831000 201 142
2 7.328831000 125 144
3 7.328831000 46 111
4 7.328831000 109 125
5 7.328831000 27 101
6 7.328831000 127 39
7 7.328831000 48 46
8 7.328831000 102 148
9 7.328831000 28 119
10 7.328831000 198 101
11 7.328831000 213 82
12 7.328831000 198 80
0 7.338831000 139 47
1 7.338831000 202 142
2 7.338831000 125 143
3 7.338831000 46 111
4 7.338831000 109 126
5 7.338831000 28 100
6 7.338831000 127 39
7 7.338831000 47 46
8 7.338831000 102 149
9 7.338831000 29 119
10 7.338831000 197 100
11 7.338831000 212 81
12 7.338831000 198 80
0 7.348831000 140 46
1 7.348831000 201 142
2 7.348831000 125 143
3 7.348831000 46 111
4 7.348831000 110 125
5 7.348831000 28 100
6 7.348831000 127 37
7 7.348831000 47 46
8 7.348831000 101 148
9 7.348831000 27 119
10 7.348831000 198 99
11 7.348831000 212 81
12 7.348831000 199 80
0 7.358831000 139 46
1 7.358831000 201 141
2 7.358831000 125 143
3 7.358831000 46 111
4 7.358831000 110 125
5 7.358831000 28 99
6 7.358831000 127 38
7 7.358831000 47 45
8 7.358831000 101 147
9 7.358831000 28 118
10 7.358831000 197 100
11 7.358831000 212 81
12 7.358831000 197 80
0 7.368831000 139 46
1 7.368831000 201 141
2 7.368831000 125 143
3 7.368831000 46 111
4 7.368831000 110 125
5 7.368831000 28 100
6 7.368831000 128 37
7 7.368831000 47 45
8 7.368831000 102 147
9 7.368831000 28 118
10 7.368831000 196 99
11 7.368831000 213 80
12 7.368831000 198 80
0 7.378831000 139 46
1 7.378831000 200 140
2 7.378831000 125 143
3 7.378831000 45 111
4 7.378831000 110 124
5 7.378831000 28 99
6 7.378831000 127 37
7 7.378831000 47 44
8 7.378831000 102 148
9 7.378831000 29 118
10 7.378831000 197 99
11 7.378831000 211 79
12 7.378831000 198 79
0 7.388831000 139 46
1 7.388831000 201 140
2 7.388831000 123 143
3 7.388831000 46 110
4 7.388831000 110 125
5 7.388831000 28 100
6 7.388831000 127 37
7 7.388831000 47 44
8 7.388831000 102 147
9 7.388831000 27 117
10 7.388831000 197 99
11 7.388831000 212 80
12 7.388831000 197 79
0 7.398831000 139 45
1 7.398831000 202 140
2 7.398831000 125 142
3 7.398831000 47 110
4 7.398831000 109 125
5 7.398831000 28 99
6 7.398831000 127 37
7 7.398831000 46 43
8 7.398831000 101 146
9 7.398831000 26 116
10 7.398831000 198 99
11 7.398831000 212 80
12 7.398831000 198 78
0 7.408831000 139 45
1 7.408831000 200 141
2 7.408831000 125 142
3 7.408831000 46 110
4 7.408831000 109 123
5 7.408831000 27 99
6 7.408831000 127 36
7 7.408831000 46 43
8 7.408831000 102 147
9 7.408831000 26 116
10 7.408831000 196 99
11 7.408831000 211 80
12 7.408831000 197 78
0 7.418831000 139 45
1 7.418831000 201 140
2 7.418831000 125 141
3 7.418831000 45 110
4 7.418831000 109 123
5 7.418831000 27 99
6 7.418831000 127 36
7 7.418831000 46 43
8 7.418831000 101 146
9 7.418831000 26 117
10 7.418831000 196 98
11 7.418831000 213 79
12 7.418831000 197 78
0 7.428831000 139 44
1 7.428831000 201 140
2 7.428831000 124 141
3 7.428831000 46 109
4 7.428831000 110 123
5 7.428831000 28 98
6 7.428831000 127 35
7 7.428831000 46 42
8 7.428831000 100 146
9 7.428831000 28 116
10 7.428831000 197 98
11 7.428831000 211 78
12 7.428831000 196 77
0 7.438831000 139 44
1 7.438831000 201 140
2 7.438831000 124 141
3 7.438831000 47 109
4 7.438831000 110 124
5 7.438831000 28 98
6 7.438831000 128 35
7 7.438831000 47 42
8 7.438831000 102 146
9 7.438831000 26 115
10 7.438831000 196 97
11 7.438831000 213 78
12 7.438831000 198 77
0 7.448831000 139 44
1 7.448831000 202 139
2 7.448831000 124 141
3 7.448831000 48 108
4 7.448831000 111 123
5 7.448831000 29 99
6 7.448831000 129 36
7 7.448831000 46 41
8 7.448831000 100 144
9 7.448831000 25 114
10 7.448831000 198 99
11 7.448831000 212 78
12 7.448831000 197 77
0 7.458831000 139 44
1 7.458831000 201 139
2 7.458831000 125 141
3 7.458831000 48 109
4 7.458831000 110 123
5 7.458831000 28 100
6 7.458831000 132 36
7 7.458831000 46 41
8 7.458831000 100 145
9 7.458831000 26 112
10 7.458831000 198 99
11 7.458831000 213 78
12 7.458831000 197 77
0 7.468831000 139 44
1 7.468831000 202 140
2 7.468831000 124 141
3 7.468831000 46 108
4 7.468831000 112 124
5 7.468831000 28 97
6 7.468831000 128 34
7 7.468831000 48 42
8 7.468831000 102 145
9 7.468831000 25 113
10 7.468831000 198 98
11 7.468831000 214 79
12 7.468831000 198 77
0 7.478831000 139 44
1 7.478831000 201 139
2 7.478831000 124 140
3 7.478831000 45 109
4 7.478831000 110 123
5 7.478831000 27 98
6 7.478831000 126 34
7 7.478831000 47 42
8 7.478831000 101 145
9 7.478831000 27 115
10 7.478831000 197 97
11 7.478831000 212 77
12 7.478831000 197 77
0 7.488831000 139 43
1 7.488831000 201 139
2 7.488831000 124 140
3 7.488831000 46 108
4 7.488831000 110 122
5 7.488831000 28 97
6 7.488831000 127 34
7 7.488831000 47 41
8 7.488831000 101 145
9 7.488831000 27 115
10 7.488831000 197 96
11 7.488831000 213 77
12 7.488831000 197 76
0 7.498831000 138 42
1 7.498831000 201 138
2 7.498831000 124 139
3 7.498831000 46 108
4 7.498831000 110 122
5 7.498831000 27 96
6 7.498831000 126 33
7 7.498831000 47 42
8 7.498831000 101 144
9 7.498831000 27 114
10 7.498831000 196 96
11 7.498831000 212 77
12 7.498831000 197 76
0 7.508831000 138 42
1 7.508831000 202 137
2 7.508831000 124 139
3 7.508831000 46 107
4 7.508831000 110 121
5 7.508831000 27 95
6 7.508831000 126 33
7 7.508831000 46 41
8 7.508831000 101 143
9 7.508831000 28 114
10 7.508831000 197 96
11 7.508831000 212 77
12 7.508831000 197 76
0 7.518831000 138 42
1 7.518831000 200 137
2 7.518831000 124 139
3 7.518831000 46 106
4 7.518831000 110 121
5 7.518831000 28 95
6 7.518831000 127 32
7 7.518831000 46 41
8 7.518831000 101 143
9 7.518831000 27 114
10 7.518831000 198 95
11 7.518831000 213 76
12 7.518831000 197 76
0 7.528831000 138 42
1 7.528831000 201 137
2 7.528831000 124 139
3 7.528831000 47 106
4 7.528831000 111 121
5 7.528831000 27 95
6 7.528831000 128 33
7 7.528831000 46 40
8 7.528831000 102 144
9 7.528831000 25 114
10 7.528831000 196 94
11 7.528831000 213 76
12 7.528831000 198 74
0 7.538831000 139 41
1 7.538831000 202 138
2 7.538831000 124 137
3 7.538831000 47 105
4 7.538831000 110 122
5 7.538831000 28 95
6 7.538831000 128 32
7 7.538831000 46 38
8 7.538831000 100 145
9 7.538831000 26 112
10 7.538831000 196 94
11 7.538831000 214 75
12 7.538831000 197 74
0 7.548831000 139 42
1 7.548831000 203 137
2 7.548831000 125 138
3 7.548831000 47 107
4 7.548831000 110 120
5 7.548831000 28 97
6 7.548831000 127 33
7 7.548831000 47 40
8 7.548831000 100 145
9 7.548831000 26 110
10 7.548831000 197 95
11 7.548831000 213 75
12 7.548831000 196 73
0 7.558831000 139 41
1 7.558831000 202 136
2 7.558831000 125 137
3 7.558831000 48 106
4 7.558831000 111 121
5 7.558831000 29 96
6 7.558831000 128 32
7 7.558831000 47 38
8 7.558831000 101 144
9 7.558831000 26 108
10 7.558831000 197 95
11 7.558831000 214 76
12 7.558831000 197 74
0 7.568831000 139 41
1 7.568831000 202 136
2 7.568831000 126 138
3 7.568831000 47 107
4 7.568831000 111 121
5 7.568831000 29 94
6 7.568831000 127 33
7 7.568831000 47 38
8 7.568831000 101 143
9 7.568831000 26 106
10 7.568831000 198 94
11 7.568831000 213 75
12 7.568831000 198 74
0 7.578831000 140 41
1 7.578831000 202 137
2 7.578831000 125 138
3 7.578831000 46 106
4 7.578831000 111 120
5 7.578831000 28 94
6 7.578831000 127 32
7 7.578831000 47 38
8 7.578831000 102 143
9 7.578831000 25 104
10 7.578831000 198 95
11 7.578831000 213 75
12 7.578831000 197 74
0 7.588831000 140 41
1 7.588831000 202 136
2 7.588831000 124 137
3 7.588831000 47 107
4 7.588831000 112 121
5 7.588831000 27 94
6 7.588831000 127 32
7 7.588831000 48 40
8 7.588831000 102 143
9 7.588831000 25 103
10 7.588831000 198 95
11 7.588831000 213 74
12 7.588831000 196 74
0 7.598831000 139 41
1 7.598831000 203 137
2 7.598831000 126 138
3 7.598831000 48 106
4 7.598831000 111 121
5 7.598831000 29 96
6 7.598831000 128 32
7 7.598831000 47 39
8 7.598831000 101 144
9 7.598831000 26 102
10 7.598831000 199 95
11 7.598831000 213 74
12 7.598831000 199 73
0 7.608831000 140 41
1 7.608831000 202 136
2 7.608831000 125 137
3 7.608831000 48 105
4 7.608831000 111 120
5 7.608831000 29 94
6 7.608831000 128 31
7 7.608831000 47 38
8 7.608831000 101 143
9 7.608831000 25 101
10 7.608831000 197 94
11 7.608831000 213 74
12 7.608831000 200 73
0 7.618831000 140 41
1 7.618831000 203 137
2 7.618831000 125 138
3 7.618831000 48 105
4 7.618831000 111 119
5 7.618831000 29 95
6 7.618831000 128 32
7 7.618831000 47 38
8 7.618831000 102 143
9 7.618831000 26 102
10 7.618831000 197 93
11 7.618831000 214 74
12 7.618831000 197 73
0 7.628831000 140 41
1 7.628831000 203 136
2 7.628831000 125 137
3 7.628831000 49 106
4 7.628831000 111 118
5 7.628831000 29 94
6 7.628831000 128 31
7 7.628831000 47 37
8 7.628831000 102 143
9 7.628831000 26 100
10 7.628831000 199 94
11 7.628831000 214 74
12 7.628831000 198 73
0 7.638831000 141 40
1 7.638831000 202 135
2 7.638831000 126 137
3 7.638831000 49 106
4 7.638831000 112 119
5 7.638831000 29 94
6 7.638831000 128 31
7 7.638831000 47 38
8 7.638831000 103 142
9 7.638831000 26 99
10 7.638831000 198 93
11 7.638831000 215 74
12 7.638831000 199 73
0 7.648831000 141 40
1 7.648831000 202 135
2 7.648831000 126 137
3 7.648831000 49 104
4 7.648831000 112 119
5 7.648831000 30 93
6 7.648831000 129 31
7 7.648831000 48 38
8 7.648831000 102 142
9 7.648831000 26 100
10 7.648831000 198 93
11 7.648831000 215 74
12 7.648831000 198 73
0 7.658831000 141 39
1 7.658831000 202 136
2 7.658831000 126 137
3 7.658831000 47 104
4 7.658831000 112 118
5 7.658831000 30 93
6 7.658831000 129 31
7 7.658831000 48 37
8 7.658831000 102 141
9 7.658831000 27 99
10 7.658831000 197 93
11 7.658831000 214 75
12 7.658831000 199 74
0 7.668831000 141 40
1 7.668831000 204 138
2 7.668831000 125 137
3 7.668831000 48 104
4 7.668831000 111 118
5 7.668831000 30 93
6 7.668831000 130 30
7 7.668831000 48 37
8 7.668831000 102 142
9 7.668831000 27 99
10 7.668831000 198 93
11 7.668831000 215 75
12 7.668831000 198 73
0 7.678831000 142 40
1 7.678831000 203 137
2 7.678831000 124 137
3 7.678831000 48 103
4 7.678831000 111 118
5 7.678831000 29 92
6 7.678831000 129 30
7 7.678831000 48 36
8 7.678831000 102 141
9 7.678831000 27 99
10 7.678831000 200 94
11 7.678831000 214 74
12 7.678831000 198 73
0 7.688831000 141 40
1 7.688831000 203 138
2 7.688831000 123 137
3 7.688831000 47 103
4 7.688831000 110 119
5 7.688831000 30 92
6 7.688831000 129 30
7 7.688831000 49 36
8 7.688831000 102 141
9 7.688831000 28 99
10 7.688831000 200 94
11 7.688831000 215 74
12 7.688831000 198 73
0 7.698831000 142 39
1 7.698831000 202 136
2 7.698831000 125 137
3 7.698831000 47 102
4 7.698831000 112 118
5 7.698831000 30 91
6 7.698831000 129 30
7 7.698831000 49 35
8 7.698831000 101 141
9 7.698831000 28 98
10 7.698831000 201 94
11 7.698831000 214 75
12 7.698831000 198 74
0 7.708831000 142 39
1 7.708831000 202 136
2 7.708831000 125 137
3 7.708831000 48 102
4 7.708831000 112 119
5 7.708831000 30 91
6 7.708831000 130 30
7 7.708831000 49 35
8 7.708831000 101 140
9 7.708831000 27 98
10 7.708831000 200 94
11 7.708831000 214 75
12 7.708831000 198 74
0 7.718831000 142 40
1 7.718831000 202 137
2 7.718831000 125 137
3 7.718831000 49 102
4 7.718831000 113 118
5 7.718831000 30 91
6 7.718831000 130 29
7 7.718831000 49 34
8 7.718831000 102 140
9 7.718831000 27 97
10 7.718831000 201 94
11 7.718831000 215 76
12 7.718831000 199 74
0 7.728831000 143 39
1 7.728831000 201 136
2 7.728831000 126 136
3 7.728831000 49 102
4 7.728831000 112 118
5 7.728831000 31 90
6 7.728831000 130 29
7 7.728831000 50 35
8 7.728831000 101 140
9 7.728831000 27 97
10 7.728831000 201 94
11 7.728831000 215 76
12 7.728831000 198 75
0 7.738831000 142 39
1 7.738831000 202 138
2 7.738831000 125 137
3 7.738831000 50 101
4 7.738831000 111 118
5 7.738831000 30 90
6 7.738831000 131 29
7 7.738831000 51 35
8 7.738831000 102 139
9 7.738831000 27 96
10 7.738831000 200 95
11 7.738831000 215 76
12 7.738831000 199 76
0 7.748831000 143 40
1 7.748831000 202 137
2 7.748831000 125 136
3 7.748831000 50 100
4 7.748831000 111 117
5 7.748831000 30 89
6 7.748831000 132 30
7 7.748831000 51 34
8 7.748831000 102 140
9 7.748831000 28 96
10 7.748831000 201 95
11 7.748831000 216 76
12 7.748831000 199 75
0 7.758831000 144 39
1 7.758831000 203 138
2 7.758831000 124 136
3 7.758831000 49 100
4 7.758831000 111 116
5 7.758831000 30 88
6 7.758831000 132 29
7 7.758831000 51 33
8 7.758831000 101 139
9 7.758831000 28 95
10 7.758831000 200 95
11 7.758831000 215 77
12 7.758831000 198 76
0 7.768831000 144 38
1 7.768831000 202 137
2 7.768831000 124 136
3 7.768831000 50 99
4 7.768831000 111 116
5 7.768831000 31 87
6 7.768831000 132 28
7 7.768831000 52 33
8 7.768831000 102 138
9 7.768831000 27 95
10 7.768831000 201 95
11 7.768831000 215 77
12 7.768831000 200 76
0 7.778831000 144 38
1 7.778831000 202 137
2 7.778831000 125 135
3 7.778831000 48 98
4 7.778831000 111 116
5 7.778831000 30 87
6 7.778831000 133 29
7 7.778831000 52 32
8 7.778831000 101 138
9 7.778831000 28 94
10 7.778831000 201 95
11 7.778831000 216 76
12 7.778831000 200 75
0 7.788831000 145 38
1 7.788831000 201 139
2 7.788831000 123 135
3 7.788831000 49 98
4 7.788831000 110 115
5 7.788831000 31 85
6 7.788831000 133 28
7 7.788831000 52 31
8 7.788831000 100 138
9 7.788831000 28 93
10 7.788831000 201 95
11 7.788831000 215 78
12 7.788831000 201 75
0 7.798831000 145 37
1 7.798831000 201 138
2 7.798831000 124 134
3 7.798831000 49 97
4 7.798831000 110 115
5 7.798831000 30 84
6 7.798831000 133 28
7 7.798831000 53 30
8 7.798831000 100 137
9 7.798831000 27 92
10 7.798831000 200 96
11 7.798831000 216 78
12 7.798831000 200 76
0 7.808831000 146 38
1 7.808831000 201 139
2 7.808831000 124 135
3 7.808831000 48 96
4 7.808831000 110 116
5 7.808831000 30 82
6 7.808831000 134 27
7 7.808831000 54 28
8 7.808831000 100 137
9 7.808831000 27 90
10 7.808831000 200 97
11 7.808831000 215 78
12 7.808831000 201 77
0 7.818831000 146 37
1 7.818831000 200 138
2 7.818831000 124 134
3 7.818831000 49 94
4 7.818831000 110 114
5 7.818831000 30 82
6 7.818831000 135 26
7 7.818831000 54 27
8 7.818831000 100 136
9 7.818831000 28 89
10 7.818831000 201 97
11 7.818831000 216 79
12 7.818831000 201 76
0 7.828831000 147 37
1 7.828831000 199 140
2 7.828831000 124 133
3 7.828831000 48 93
4 7.828831000 110 113
5 7.828831000 31 80
6 7.828831000 136 27
7 7.828831000 54 27
8 7.828831000 99 136
9 7.828831000 28 88
10 7.828831000 201 97
11 7.828831000 217 79
12 7.828831000 202 77
0 7.838831000 148 37
1 7.838831000 200 140
2 7.838831000 123 133
3 7.838831000 49 92
4 7.838831000 110 113
5 7.838831000 30 80
6 7.838831000 136 26
7 7.838831000 55 25
8 7.838831000 98 135
9 7.838831000 28 86
10 7.838831000 200 97
11 7.838831000 216 80
12 7.838831000 202 77
0 7.848831000 148 37
1 7.848831000 198 141
2 7.848831000 123 133
3 7.848831000 50 91
4 7.848831000 110 113
5 7.848831000 31 79
6 7.848831000 136 27
7 7.848831000 56 25
8 7.848831000 99 134
9 7.848831000 27 86
10 7.848831000 200 98
11 7.848831000 218 80
12 7.848831000 202 78
0 7.858831000 149 37
1 7.858831000 199 141
2 7.858831000 123 133
3 7.858831000 50 91
4 7.858831000 110 114
5 7.858831000 31 78
6 7.858831000 138 26
7 7.858831000 56 24
8 7.858831000 98 134
9 7.858831000 28 85
10 7.858831000 200 99
11 7.858831000 217 81
12 7.858831000 202 79
0 7.868831000 149 37
1 7.868831000 198 141
2 7.868831000 123 134
3 7.868831000 50 91
4 7.868831000 110 112
5 7.868831000 32 76
6 7.868831000 138 27
7 7.868831000 57 24
8 7.868831000 98 134
9 7.868831000 29 84
10 7.868831000 200 100
11 7.868831000 218 82
12 7.868831000 203 80
0 7.878831000 150 36
1 7.878831000 197 142
2 7.878831000 123 133
3 7.878831000 49 89
4 7.878831000 110 113
5 7.878831000 30 76
6 7.878831000 139 26
7 7.878831000 58 22
8 7.878831000 98 133
9 7.878831000 28 84
10 7.878831000 200 100
11 7.878831000 216 82
12 7.878831000 203 79
0 7.888831000 150 37
1 7.888831000 197 142
2 7.888831000 121 133
3 7.888831000 48 88
4 7.888831000 109 112
5 7.888831000 31 74
6 7.888831000 138 26
7 7.888831000 58 21
8 7.888831000 97 133
9 7.888831000 28 82
10 7.888831000 200 101
11 7.888831000 218 83
12 7.888831000 201 79
0 7.898831000 150 36
1 7.898831000 196 141
2 7.898831000 121 132
3 7.898831000 48 87
4 7.898831000 109 113
5 7.898831000 31 74
6 7.898831000 139 26
7 7.898831000 58 20
8 7.898831000 98 131
9 7.898831000 27 81
10 7.898831000 200 100
11 7.898831000 217 83
12 7.898831000 202 80
0 7.908831000 151 37
1 7.908831000 197 142
2 7.908831000 120 132
3 7.908831000 49 86
4 7.908831000 109 110
5 7.908831000 31 72
6 7.908831000 140 25
7 7.908831000 58 20
8 7.908831000 97 132
9 7.908831000 28 80
10 7.908831000 200 101
11 7.908831000 216 83
12 7.908831000 202 80
0 7.918831000 151 36
1 7.918831000 195 142
2 7.918831000 120 131
3 7.918831000 48 85
4 7.918831000 109 110
5 7.918831000 31 71
6 7.918831000 140 26
7 7.918831000 59 18
8 7.918831000 97 130
9 7.918831000 27 78
10 7.918831000 199 101
11 7.918831000 217 84
12 7.918831000 202 80
0 7.928831000 152 36
1 7.928831000 195 143
2 7.928831000 120 131
3 7.928831000 48 84
4 7.928831000 109 110
5 7.928831000 31 69
6 7.928831000 141 25
7 7.928831000 59 17
8 7.928831000 96 130
9 7.928831000 29 77
10 7.928831000 199 101
11 7.928831000 217 85
12 7.928831000 203 82
0 7.938831000 152 37
1 7.938831000 194 142
2 7.938831000 120 131
3 7.938831000 48 83
4 7.938831000 108 110
5 7.938831000 32 68
6 7.938831000 141 25
7 7.938831000 61 16
8 7.938831000 96 130
9 7.938831000 28 76
10 7.938831000 199 102
11 7.938831000 218 85
12 7.938831000 203 81
0 7.948831000 153 36
1 7.948831000 194 144
2 7.948831000 119 130
3 7.948831000 49 81
4 7.948831000 109 110
5 7.948831000 32 67
6 7.948831000 143 25
7 7.948831000 61 15
8 7.948831000 96 129
9 7.948831000 29 74
10 7.948831000 198 102
11 7.948831000 217 85
12 7.948831000 203 82
0 7.958831000 153 36
1 7.958831000 193 144
2 7.958831000 119 130
3 7.958831000 48 80
4 7.958831000 108 109
5 7.958831000 32 65
6 7.958831000 144 24
7 7.958831000 62 14
8 7.958831000 95 128
9 7.958831000 28 73
10 7.958831000 199 103
11 7.958831000 217 86
12 7.958831000 203 82
0 7.968831000 155 37
1 7.968831000 193 145
2 7.968831000 118 130
3 7.968831000 48 79
4 7.968831000 107 108
5 7.968831000 32 65
6 7.968831000 144 25
7 7.968831000 62 13
8 7.968831000 94 128
9 7.968831000 28 72
10 7.968831000 199 104
11 7.968831000 218 87
12 7.968831000 203 84
0 7.978831000 154 36
1 7.978831000 192 145
2 7.978831000 118 129
3 7.978831000 49 78
4 7.978831000 107 108
5 7.978831000 32 64
6 7.978831000 145 25
7 7.978831000 64 12
8 7.978831000 94 126
9 7.978831000 28 71
10 7.978831000 197 104
11 7.978831000 218 88
12 7.978831000 205 84
0 7.988831000 156 37
1 7.988831000 191 146
2 7.988831000 118 128
3 7.988831000 49 77
4 7.988831000 107 108
5 7.988831000 32 62
6 7.988831000 146 25
7 7.988831000 64 11
8 7.988831000 93 126
9 7.988831000 28 69
10 7.988831000 198 104
11 7.988831000 217 89
12 7.988831000 203 85
0 7.998831000 155 36
1 7.998831000 190 146
2 7.998831000 117 129
3 7.998831000 48 76
4 7.998831000 107 107
5 7.998831000 33 60
6 7.998831000 146 25
7 7.998831000 65 9
8 7.998831000 93 126
9 7.998831000 29 68
10 7.998831000 197 104
11 7.998831000 217 90
12 7.998831000 203 86
0 8.008831000 156 37
1 8.008831000 190 146
2 8.008831000 117 128
3 8.008831000 49 75
4 8.008831000 107 107
5 8.008831000 33 60
6 8.008831000 147 25
7 8.008831000 66 9
8 8.008831000 93 126
9 8.008831000 29 67
10 8.008831000 197 105
11 8.008831000 218 91
12 8.008831000 203 86
0 8.018831000 157 37
1 8.018831000 189 147
2 8.018831000 116 128
3 8.018831000 50 75
4 8.018831000 108 107
5 8.018831000 33 59
6 8.018831000 148 24
7 8.018831000 66 8
8 8.018831000 92 125
9 8.018831000 28 65
10 8.018831000 197 106
11 8.018831000 217 91
12 8.018831000 203 87
0 8.028831000 157 37
1 8.028831000 188 146
2 8.028831000 115 128
3 8.028831000 49 73
4 8.028831000 107 106
5 8.028831000 34 57
6 8.028831000 148 25
7 8.028831000 68 7
8 8.028831000 92 125
9 8.028831000 29 64
10 8.028831000 197 107
11 8.028831000 217 92
12 8.028831000 203 88
0 8.038831000 159 37
1 8.038831000 189 147
2 8.038831000 116 128
3 8.038831000 50 72
4 8.038831000 107 105
5 8.038831000 34 57
6 8.038831000 149 25
7 8.038831000 69 7
8 8.038831000 92 124
9 8.038831000 29 63
10 8.038831000 197 107
11 8.038831000 218 93
12 8.038831000 202 88
0 8.048831000 158 37
1 8.048831000 188 148
2 8.048831000 116 127
3 8.048831000 50 72
4 8.048831000 107 105
5 8.048831000 34 55
6 8.048831000 150 25
7 8.048831000 70 6
8 8.048831000 91 124
9 8.048831000 29 62
10 8.048831000 197 107
11 8.048831000 217 93
12 8.048831000 204 88
0 8.058831000 159 38
1 8.058831000 187 148
2 8.058831000 115 126
3 8.058831000 50 70
4 8.058831000 106 105
5 8.058831000 35 54
6 8.058831000 151 24
7 8.058831000 71 6
8 8.058831000 91 123
9 8.058831000 30 62
10 8.058831000 197 108
11 8.058831000 217 94
12 8.058831000 203 90
0 8.068831000 161 37
1 8.068831000 187 149
2 8.068831000 114 126
3 8.068831000 50 69
4 8.068831000 107 103
5 8.068831000 35 53
6 8.068831000 151 25
7 8.068831000 71 4
8 8.068831000 91 123
9 8.068831000 30 60
10 8.068831000 197 109
11 8.068831000 217 95
12 8.068831000 203 90
0 8.078831000 160 38
1 8.078831000 186 149
2 8.078831000 114 126
3 8.078831000 50 69
4 8.078831000 106 104
5 8.078831000 35 52
6 8.078831000 152 25
7 8.078831000 73 4
8 8.078831000 91 122
9 8.078831000 31 58
10 8.078831000 197 109
11 8.078831000 218 96
12 8.078831000 203 91
0 8.088831000 161 39
1 8.088831000 186 150
2 8.088831000 114 126
3 8.088831000 51 68
4 8.088831000 107 104
5 8.088831000 36 51
6 8.088831000 153 25
7 8.088831000 73 4
8 8.088831000 90 121
9 8.088831000 31 58
10 8.088831000 197 110
11 8.088831000 217 96
12 8.088831000 203 91
0 8.098831000 162 39
1 8.098831000 185 151
2 8.098831000 115 126
3 8.098831000 51 66
4 8.098831000 107 103
5 8.098831000 37 50
6 8.098831000 153 26
7 8.098831000 75 2
8 8.098831000 90 121
9 8.098831000 31 57
10 8.098831000 196 111
11 8.098831000 217 98
12 8.098831000 203 93
0 8.108831000 162 39
1 8.108831000 185 151
2 8.108831000 115 126
3 8.108831000 51 66
4 8.108831000 107 103
5 8.108831000 37 49
6 8.108831000 154 26
7 8.108831000 76 1
8 8.108831000 89 121
9 8.108831000 31 56
10 8.108831000 196 111
11 8.108831000 218 98
12 8.108831000 204 93
0 8.118831000 164 40
1 8.118831000 184 152
2 8.118831000 113 126
3 8.118831000 52 65
4 8.118831000 106 103
5 8.118831000 37 48
6 8.118831000 155 27
7 8.118831000 76 2
8 8.118831000 90 121
9 8.118831000 32 54
10 8.118831000 197 112
11 8.118831000 216 99
12 8.118831000 203 93
0 8.128831000 164 40
1 8.128831000 183 153
2 8.128831000 113 125
3 8.128831000 52 64
4 8.128831000 106 103
5 8.128831000 38 46
6 8.128831000 156 26
7 8.128831000 77 0
8 8.128831000 89 120
9 8.128831000 32 53
10 8.128831000 197 113
11 8.128831000 217 100
12 8.128831000 203 94
0 8.138831000 165 41
1 8.138831000 183 153
2 8.138831000 113 124
3 8.138831000 52 63
4 8.138831000 106 102
5 8.138831000 40 45
6 8.138831000 157 28
7 8.138831000 79 0
8 8.138831000 89 120
9 8.138831000 33 52
10 8.138831000 196 114
11 8.138831000 217 101
12 8.138831000 203 96
0 8.148831000 166 41
1 8.148831000 182 153
2 8.148831000 113 125
3 8.148831000 54 62
4 8.148831000 107 102
5 8.148831000 39 44
6 8.148831000 159 26
7 8.148831000 80 0
8 8.148831000 88 119
9 8.148831000 33 51
10 8.148831000 197 115
11 8.148831000 218 101
12 8.148831000 203 96
0 8.158831000 167 41
1 8.158831000 181 153
2 8.158831000 113 123
3 8.158831000 54 61
4 8.158831000 106 102
5 8.158831000 41 43
6 8.158831000 159 27
7 8.158831000 81 0
8 8.158831000 89 118
9 8.158831000 33 50
10 8.158831000 196 116
11 8.158831000 217 102
12 8.158831000 203 97
0 8.168831000 167 41
1 8.168831000 180 154
2 8.168831000 112 123
3 8.168831000 55 60
4 8.168831000 106 102
5 8.168831000 41 41
6 8.168831000 160 27
7 8.168831000 83 -1
8 8.168831000 88 117
9 8.168831000 35 48
10 8.168831000 196 116
11 8.168831000 216 102
12 8.168831000 202 98
0 8.178831000 168 41
1 8.178831000 181 154
2 8.178831000 113 123
3 8.178831000 55 58
4 8.178831000 106 101
5 8.178831000 43 41
6 8.178831000 162 28
7 8.178831000 85 -1
8 8.178831000 88 117
9 8.178831000 36 47
10 8.178831000 195 116
11 8.178831000 217 104
12 8.178831000 203 98
0 8.188831000 168 42
1 8.188831000 179 156
2 8.188831000 113 123
3 8.188831000 55 58
4 8.188831000 106 101
5 8.188831000 42 38
6 8.188831000 163 28
7 8.188831000 87 -2
8 8.188831000 88 116
9 8.188831000 35 45
10 8.188831000 195 117
11 8.188831000 217 105
12 8.188831000 204 99
0 8.198831000 171 42
1 8.198831000 179 155
2 8.198831000 112 124
3 8.198831000 56 57
4 8.198831000 107 100
5 8.198831000 43 38
6 8.198831000 164 29
7 8.198831000 88 -3
8 8.198831000 88 116
9 8.198831000 37 44
10 8.198831000 196 118
11 8.198831000 216 106
12 8.198831000 204 99
0 8.208831000 171 43
1 8.208831000 179 157
2 8.208831000 112 123
3 8.208831000 57 55
4 8.208831000 106 100
5 8.208831000 45 36
6 8.208831000 164 30
7 8.208831000 88 -3
8 8.208831000 89 115
9 8.208831000 37 43
10 8.208831000 196 119
11 8.208831000 217 107
12 8.208831000 204 101
0 8.218831000 172 44
1 8.218831000 177 158
2 8.218831000 112 122
3 8.218831000 58 55
4 8.218831000 107 100
5 8.218831000 45 35
6 8.218831000 166 30
7 8.218831000 88 -2
8 8.218831000 88 115
9 8.218831000 39 42
10 8.218831000 196 120
11 8.218831000 217 109
12 8.218831000 204 103
0 8.228831000 173 44
1 8.228831000 177 159
2 8.228831000 112 122
3 8.228831000 59 53
4 8.228831000 107 99
5 8.228831000 47 34
6 8.228831000 167 31
7 8.228831000 88 -2
8 8.228831000 88 114
9 8.228831000 39 41
10 8.228831000 196 122
11 8.228831000 217 111
12 8.228831000 203 104
0 8.238831000 173 45
1 8.238831000 176 159
2 8.238831000 112 121
3 8.238831000 60 54
4 8.238831000 107 98
5 8.238831000 49 33
6 8.238831000 169 31
7 8.238831000 88 -2
8 8.238831000 88 113
9 8.238831000 41 40
10 8.238831000 195 122
11 8.238831000 217 111
12 8.238831000 203 104
0 8.248831000 174 46
1 8.248831000 175 160
2 8.248831000 111 122
3 8.248831000 59 53
4 8.248831000 107 99
5 8.248831000 49 32
6 8.248831000 169 32
7 8.248831000 88 -2
8 8.248831000 87 113
9 8.248831000 41 38
10 8.248831000 196 124
11 8.248831000 215 112
12 8.248831000 203 105
0 8.258831000 175 45
1 8.258831000 176 160
2 8.258831000 111 122
3 8.258831000 61 52
4 8.258831000 107 98
5 8.258831000 49 31
6 8.258831000 170 31
7 8.258831000 88 -2
8 8.258831000 87 113
9 8.258831000 42 37
10 8.258831000 194 124
11 8.258831000 215 113
12 8.258831000 203 106
0 8.268831000 175 47
1 8.268831000 174 161
2 8.268831000 111 121
3 8.268831000 62 50
4 8.268831000 107 98
5 8.268831000 51 30
6 8.268831000 171 32
7 8.268831000 88 -1
8 8.268831000 87 113
9 8.268831000 42 36
10 8.268831000 195 125
11 8.268831000 216 114
12 8.268831000 204 108
0 8.278831000 176 47
1 8.278831000 175 161
2 8.278831000 111 121
3 8.278831000 63 50
4 8.278831000 108 98
5 8.278831000 51 29
6 8.278831000 172 33
7 8.278831000 87 0
8 8.278831000 87 112
9 8.278831000 43 35
10 8.278831000 194 126
11 8.278831000 215 114
12 8.278831000 204 108
0 8.288831000 177 48
1 8.288831000 174 162
2 8.288831000 111 121
3 8.288831000 63 49
4 8.288831000 109 97
5 8.288831000 53 28
6 8.288831000 173 33
7 8.288831000 87 0
8 8.288831000 88 111
9 8.288831000 45 34
10 8.288831000 194 127
11 8.288831000 217 117
12 8.288831000 203 110
0 8.298831000 178 48
1 8.298831000 173 162
2 8.298831000 111 121
3 8.298831000 64 48
4 8.298831000 109 96
5 8.298831000 53 27
6 8.298831000 174 34
7 8.298831000 88 -1
8 8.298831000 87 111
9 8.298831000 46 33
10 8.298831000 194 127
11 8.298831000 216 118
12 8.298831000 204 110
0 8.308831000 179 49
1 8.308831000 173 163
2 8.308831000 112 121
3 8.308831000 65 47
4 8.308831000 109 99
5 8.308831000 55 26
6 8.308831000 175 34
7 8.308831000 88 -2
8 8.308831000 87 110
9 8.308831000 46 32
10 8.308831000 194 128
11 8.308831000 217 119
12 8.308831000 204 111
0 8.318831000 180 50
1 8.318831000 172 163
2 8.318831000 111 120
3 8.318831000 66 46
4 8.318831000 110 97
5 8.318831000 56 25
6 8.318831000 176 35
7 8.318831000 89 -2
8 8.318831000 86 110
9 8.318831000 48 31
10 8.318831000 195 130
11 8.318831000 216 120
12 8.318831000 205 112
0 8.328831000 181 51
1 8.328831000 172 165
2 8.328831000 111 121
3 8.328831000 67 46
4 8.328831000 110 96
5 8.328831000 57 24
6 8.328831000 177 36
7 8.328831000 90 -3
8 8.328831000 87 108
9 8.328831000 49 30
10 8.328831000 194 131
11 8.328831000 215 121
12 8.328831000 204 113
0 8.338831000 181 52
1 8.338831000 171 165
2 8.338831000 112 121
3 8.338831000 67 45
4 8.338831000 110 97
5 8.338831000 58 24
6 8.338831000 178 36
7 8.338831000 91 -3
8 8.338831000 87 109
9 8.338831000 49 29
10 8.338831000 194 132
11 8.338831000 215 122
12 8.338831000 204 114
0 8.348831000 183 53
1 8.348831000 170 165
2 8.348831000 112 120
3 8.348831000 69 44
4 8.348831000 110 97
5 8.348831000 61 23
6 8.348831000 179 38
7 8.348831000 93 -3
8 8.348831000 87 109
9 8.348831000 52 28
10 8.348831000 194 132
11 8.348831000 216 124
12 8.348831000 204 116
0 8.358831000 183 53
1 8.358831000 170 166
2 8.358831000 110 119
3 8.358831000 69 43
4 8.358831000 110 96
5 8.358831000 62 22
6 8.358831000 181 39
7 8.358831000 95 -3
8 8.358831000 87 108
9 8.358831000 53 27
10 8.358831000 193 134
11 8.358831000 215 125
12 8.358831000 204 117
0 8.368831000 184 54
1 8.368831000 170 167
2 8.368831000 111 119
3 8.368831000 70 44
4 8.368831000 110 96
5 8.368831000 62 22
6 8.368831000 181 40
7 8.368831000 96 -3
8 8.368831000 87 109
9 8.368831000 53 27
10 8.368831000 194 135
11 8.368831000 215 126
12 8.368831000 204 117
0 8.378831000 184 55
1 8.378831000 169 167
2 8.378831000 112 119
3 8.378831000 72 43
4 8.378831000 112 96
5 8.378831000 64 22
6 8.378831000 183 39
7 8.378831000 98 -3
8 8.378831000 88 108
9 8.378831000 55 26
10 8.378831000 194 135
11 8.378831000 216 127
12 8.378831000 204 118
0 8.388831000 186 56
1 8.388831000 169 167
2 8.388831000 111 120
3 8.388831000 73 43
4 8.388831000 111 96
5 8.388831000 65 22
6 8.388831000 183 41
7 8.388831000 99 -3
8 8.388831000 88 107
9 8.388831000 56 26
10 8.388831000 193 136
11 8.388831000 216 128
12 8.388831000 204 120
0 8.398831000 185 57
1 8.398831000 168 168
2 8.398831000 111 119
3 8.398831000 74 43
4 8.398831000 112 97
5 8.398831000 65 20
6 8.398831000 184 41
7 8.398831000 100 -3
8 8.398831000 89 106
9 8.398831000 56 26
10 8.398831000 193 136
11 8.398831000 216 129
12 8.398831000 204 120
0 8.408831000 186 57
1 8.408831000 169 168
2 8.408831000 111 119
3 8.408831000 74 42
4 8.408831000 113 97
5 8.408831000 66 21
6 8.408831000 185 42
7 8.408831000 102 -3
8 8.408831000 89 107
9 8.408831000 57 25
10 8.408831000 193 137
11 8.408831000 216 130
12 8.408831000 204 121
0 8.418831000 186 58
1 8.418831000 167 168
2 8.418831000 112 119
3 8.418831000 76 42
4 8.418831000 114 96
5 8.418831000 67 20
6 8.418831000 185 42
7 8.418831000 103 -3
8 8.418831000 89 107
9 8.418831000 58 25
10 8.418831000 193 138
11 8.418831000 215 130
12 8.418831000 204 122
0 8.428831000 188 59
1 8.428831000 168 169
2 8.428831000 113 119
3 8.428831000 76 42
4 8.428831000 114 96
5 8.428831000 69 19
6 8.428831000 187 43
7 8.428831000 104 -3
8 8.428831000 89 107
9 8.428831000 59 24
10 8.428831000 193 139
11 8.428831000 215 131
12 8.428831000 205 123
0 8.438831000 187 60
1 8.438831000 167 169
2 8.438831000 113 119
3 8.438831000 76 40
4 8.438831000 113 96
5 8.438831000 70 19
6 8.438831000 186 43
7 8.438831000 106 -4
8 8.438831000 89 106
9 8.438831000 60 23
10 8.438831000 192 139
11 8.438831000 216 132
12 8.438831000 205 125
0 8.448831000 188 60
1 8.448831000 167 170
2 8.448831000 111 118
3 8.448831000 77 40
4 8.448831000 114 96
5 8.448831000 72 18
6 8.448831000 189 43
7 8.448831000 108 -3
8 8.448831000 89 105
9 8.448831000 61 23
10 8.448831000 192 140
11 8.448831000 215 133
12 8.448831000 204 125
0 8.458831000 189 60
1 8.458831000 166 170
2 8.458831000 112 120
3 8.458831000 78 40
4 8.458831000 115 97
5 8.458831000 73 18
6 8.458831000 188 45
7 8.458831000 109 -3
8 8.458831000 88 106
9 8.458831000 63 22
10 8.458831000 192 141
11 8.458831000 216 135
12 8.458831000 204 127
0 8.468831000 189 62
1 8.468831000 165 170
2 8.468831000 112 120
3 8.468831000 80 39
4 8.468831000 115 97
5 8.468831000 74 17
6 8.468831000 190 46
7 8.468831000 111 -2
8 8.468831000 89 104
9 8.468831000 64 21
10 8.468831000 192 142
11 8.468831000 214 135
12 8.468831000 205 127
0 8.478831000 191 62
1 8.478831000 164 171
2 8.478831000 111 121
3 8.478831000 80 39
4 8.478831000 116 96
5 8.478831000 75 17
6 8.478831000 191 47
7 8.478831000 112 -3
8 8.478831000 89 105
9 8.478831000 65 20
10 8.478831000 192 142
11 8.478831000 215 136
12 8.478831000 204 129
0 8.488831000 190 63
1 8.488831000 163 172
2 8.488831000 112 120
3 8.488831000 81 39
4 8.488831000 116 96
5 8.488831000 76 16
6 8.488831000 190 48
7 8.488831000 113 -2
8 8.488831000 89 104
9 8.488831000 66 20
10 8.488831000 191 144
11 8.488831000 214 137
12 8.488831000 203 129
0 8.498831000 191 65
1 8.498831000 164 172
2 8.498831000 111 121
3 8.498831000 82 38
4 8.498831000 116 96
5 8.498831000 77 17
6 8.498831000 192 48
7 8.498831000 114 -2
8 8.498831000 89 105
9 8.498831000 67 20
10 8.498831000 191 145
11 8.498831000 213 138
12 8.498831000 204 131
0 8.508831000 192 66
1 8.508831000 163 172
2 8.508831000 112 121
3 8.508831000 82 38
4 8.508831000 116 97
5 8.508831000 78 17
6 8.508831000 192 50
7 8.508831000 116 -3
8 8.508831000 90 105
9 8.508831000 68 20
10 8.508831000 191 146
11 8.508831000 213 137
12 8.508831000 205 131
0 8.518831000 192 65
1 8.518831000 165 175
2 8.518831000 111 120
3 8.518831000 83 38
4 8.518831000 117 96
5 8.518831000 79 16
6 8.518831000 193 50
7 8.518831000 117 -2
8 8.518831000 90 104
9 8.518831000 68 19
10 8.518831000 191 147
11 8.518831000 211 137
12 8.518831000 203 132
0 8.528831000 193 66
1 8.528831000 167 176
2 8.528831000 112 120
3 8.528831000 84 37
4 8.528831000 117 96
5 8.528831000 80 16
6 8.528831000 194 50
7 8.528831000 118 -3
8 8.528831000 90 104
9 8.528831000 69 19
10 8.528831000 191 146
11 8.528831000 212 137
12 8.528831000 203 132
0 8.538831000 193 67
1 8.538831000 168 175
2 8.538831000 112 120
3 8.538831000 84 38
4 8.538831000 118 97
5 8.538831000 80 16
6 8.538831000 194 51
7 8.538831000 118 -2
8 8.538831000 90 104
9 8.538831000 70 19
10 8.538831000 191 146
11 8.538831000 211 137
12 8.538831000 204 132
0 8.548831000 194 67
1 8.548831000 169 176
2 8.548831000 112 121
3 8.548831000 85 38
4 8.548831000 119 97
5 8.548831000 81 17
6 8.548831000 195 51
7 8.548831000 118 -3
8 8.548831000 92 103
9 8.548831000 71 20
10 8.548831000 192 147
11 8.548831000 211 137
12 8.548831000 203 134
0 8.558831000 193 67
1 8.558831000 169 177
2 8.558831000 112 122
3 8.558831000 85 38
4 8.558831000 118 97
5 8.558831000 81 17
6 8.558831000 195 52
7 8.558831000 119 -2
8 8.558831000 92 103
9 8.558831000 70 21
10 8.558831000 192 148
11 8.558831000 209 136
12 8.558831000 203 134
0 8.568831000 194 69
1 8.568831000 170 177
2 8.568831000 112 121
3 8.568831000 86 39
4 8.568831000 118 98
5 8.568831000 82 16
6 8.568831000 197 52
7 8.568831000 120 -2
8 8.568831000 93 104
9 8.568831000 72 20
10 8.568831000 192 148
11 8.568831000 211 136
12 8.568831000 205 134
0 8.578831000 194 68
1 8.578831000 170 177
2 8.578831000 113 122
3 8.578831000 86 40
4 8.578831000 118 98
5 8.578831000 81 18
6 8.578831000 197 53
7 8.578831000 120 -2
8 8.578831000 93 105
9 8.578831000 71 21
10 8.578831000 191 149
11 8.578831000 210 136
12 8.578831000 205 135
0 8.588831000 194 69
1 8.588831000 171 178
2 8.588831000 113 123
3 8.588831000 86 40
4 8.588831000 118 98
5 8.588831000 81 17
6 8.588831000 197 53
7 8.588831000 119 -2
8 8.588831000 93 105
9 8.588831000 72 21
10 8.588831000 194 151
11 8.588831000 209 137
12 8.588831000 206 135
0 8.598831000 195 68
1 8.598831000 170 179
2 8.598831000 113 122
3 8.598831000 86 41
4 8.598831000 119 98
5 8.598831000 81 19
6 8.598831000 198 53
7 8.598831000 119 -1
8 8.598831000 93 106
9 8.598831000 71 21
10 8.598831000 194 150
11 8.598831000 211 136
12 8.598831000 206 135
0 8.608831000 195 69
1 8.608831000 170 179
2 8.608831000 112 123
3 8.608831000 87 42
4 8.608831000 118 99
5 8.608831000 80 19
6 8.608831000 199 52
7 8.608831000 119 -1
8 8.608831000 93 107
9 8.608831000 72 21
10 8.608831000 193 148
11 8.608831000 210 137
12 8.608831000 206 135
0 8.618831000 195 70
1 8.618831000 170 179
2 8.618831000 113 123
3 8.618831000 87 42
4 8.618831000 118 98
5 8.618831000 81 19
6 8.618831000 196 52
7 8.618831000 119 -1
8 8.618831000 93 107
9 8.618831000 71 21
10 8.618831000 193 149
11 8.618831000 210 137
12 8.618831000 206 136
0 8.628831000 195 70
1 8.628831000 170 178
2 8.628831000 113 123
3 8.628831000 86 41
4 8.628831000 118 98
5 8.628831000 80 20
6 8.628831000 196 52
7 8.628831000 119 0
8 8.628831000 92 107
9 8.628831000 71 23
10 8.628831000 193 150
11 8.628831000 211 137
12 8.628831000 208 135
0 8.638831000 194 70
1 8.638831000 170 179
2 8.638831000 114 123
3 8.638831000 86 42
4 8.638831000 117 99
5 8.638831000 79 20
6 8.638831000 196 52
7 8.638831000 119 0
8 8.638831000 92 107
9 8.638831000 71 23
10 8.638831000 192 149
11 8.638831000 210 136
12 8.638831000 208 135
0 8.648831000 193 70
1 8.648831000 170 179
2 8.648831000 114 123
3 8.648831000 85 43
4 8.648831000 117 99
5 8.648831000 80 22
6 8.648831000 196 52
7 8.648831000 119 0
8 8.648831000 92 108
9 8.648831000 70 24
10 8.648831000 193 150
11 8.648831000 211 137
12 8.648831000 207 135
0 8.658831000 193 69
1 8.658831000 171 178
2 8.658831000 114 124
3 8.658831000 85 44
4 8.658831000 116 100
5 8.658831000 78 23
6 8.658831000 195 51
7 8.658831000 117 0
8 8.658831000 92 108
9 8.658831000 69 24
10 8.658831000 194 149
11 8.658831000 211 135
12 8.658831000 207 134
0 8.668831000 193 69
1 8.668831000 172 179
2 8.668831000 114 124
3 8.668831000 85 46
4 8.668831000 117 100
5 8.668831000 78 23
6 8.668831000 195 51
7 8.668831000 115 -1
8 8.668831000 93 110
9 8.668831000 69 26
10 8.668831000 194 149
11 8.668831000 211 135
12 8.668831000 207 133
0 8.678831000 193 68
1 8.678831000 171 178
2 8.678831000 114 126
3 8.678831000 84 46
4 8.678831000 116 101
5 8.678831000 77 24
6 8.678831000 193 51
7 8.678831000 114 -1
8 8.678831000 92 110
9 8.678831000 68 27
10 8.678831000 196 149
11 8.678831000 212 134
12 8.678831000 208 133
0 8.688831000 192 69
1 8.688831000 173 179
2 8.688831000 114 126
3 8.688831000 82 47
4 8.688831000 117 100
5 8.688831000 76 25
6 8.688831000 193 50
7 8.688831000 113 0
8 8.688831000 92 110
9 8.688831000 67 29
10 8.688831000 196 148
11 8.688831000 212 134
12 8.688831000 208 132
0 8.698831000 191 68
1 8.698831000 174 178
2 8.698831000 114 127
3 8.698831000 82 48
4 8.698831000 118 101
5 8.698831000 73 26
6 8.698831000 192 50
7 8.698831000 112 -1
8 8.698831000 92 112
9 8.698831000 65 29
10 8.698831000 196 148
11 8.698831000 212 133
12 8.698831000 209 131
0 8.708831000 190 68
1 8.708831000 175 179
2 8.708831000 114 127
3 8.708831000 80 49
4 8.708831000 118 102
5 8.708831000 73 27
6 8.708831000 191 49
7 8.708831000 110 0
8 8.708831000 93 113
9 8.708831000 63 32
10 8.708831000 197 146
11 8.708831000 213 132
12 8.708831000 210 130
0 8.718831000 189 67
1 8.718831000 176 178
2 8.718831000 114 127
3 8.718831000 79 49
4 8.718831000 117 103
5 8.718831000 71 29
6 8.718831000 190 49
7 8.718831000 109 0
8 8.718831000 92 114
9 8.718831000 63 32
10 8.718831000 198 145
11 8.718831000 213 130
12 8.718831000 210 129
0 8.728831000 189 66
1 8.728831000 176 177
2 8.728831000 113 128
3 8.728831000 77 51
4 8.728831000 117 104
5 8.728831000 70 29
6 8.728831000 189 48
7 8.728831000 107 0
8 8.728831000 92 114
9 8.728831000 61 34
10 8.728831000 197 145
11 8.728831000 213 129
12 8.728831000 210 128
0 8.738831000 187 66
1 8.738831000 176 177
2 8.738831000 114 129
3 8.738831000 75 51
4 8.738831000 117 104
5 8.738831000 69 31
6 8.738831000 187 47
7 8.738831000 107 0
8 8.738831000 92 115
9 8.738831000 60 35
10 8.738831000 198 144
11 8.738831000 213 128
12 8.738831000 209 128
0 8.748831000 187 64
1 8.748831000 176 176
2 8.748831000 114 128
3 8.748831000 75 52
4 8.748831000 117 106
5 8.748831000 67 31
6 8.748831000 187 46
7 8.748831000 105 1
8 8.748831000 91 114
9 8.748831000 59 35
10 8.748831000 197 142
11 8.748831000 213 127
12 8.748831000 210 126
0 8.758831000 186 64
1 8.758831000 177 174
2 8.758831000 115 128
3 8.758831000 74 53
4 8.758831000 116 104
5 8.758831000 65 32
6 8.758831000 186 46
7 8.758831000 106 4
8 8.758831000 92 116
9 8.758831000 57 36
10 8.758831000 198 142
11 8.758831000 213 126
12 8.758831000 210 125
0 8.768831000 185 63
1 8.768831000 176 174
2 8.768831000 114 129
3 8.768831000 73 53
4 8.768831000 116 104
5 8.768831000 65 33
6 8.768831000 186 45
7 8.768831000 104 2
8 8.768831000 92 115
9 8.768831000 56 36
10 8.768831000 198 141
11 8.768831000 213 126
12 8.768831000 210 124
0 8.778831000 184 61
1 8.778831000 176 173
2 8.778831000 113 128
3 8.778831000 72 53
4 8.778831000 115 103
5 8.778831000 63 33
6 8.778831000 184 44
7 8.778831000 102 3
8 8.778831000 91 115
9 8.778831000 55 37
10 8.778831000 198 139
11 8.778831000 213 124
12 8.778831000 210 122
0 8.788831000 183 61
1 8.788831000 177 172
2 8.788831000 113 128
3 8.788831000 71 53
4 8.788831000 115 103
5 8.788831000 63 32
6 8.788831000 184 43
7 8.788831000 101 2
8 8.788831000 91 116
9 8.788831000 54 37
10 8.788831000 198 138
11 8.788831000 213 123
12 8.788831000 209 120
0 8.798831000 183 60
1 8.798831000 177 172
2 8.798831000 113 127
3 8.798831000 70 54
4 8.798831000 115 103
5 8.798831000 62 33
6 8.798831000 182 43
7 8.798831000 100 2
8 8.798831000 90 116
9 8.798831000 53 38
10 8.798831000 198 137
11 8.798831000 212 120
12 8.798831000 209 119
0 8.808831000 182 59
1 8.808831000 176 170
2 8.808831000 113 128
3 8.808831000 69 55
4 8.808831000 113 103
5 8.808831000 60 35
6 8.808831000 181 42
7 8.808831000 98 2
8 8.808831000 91 116
9 8.808831000 52 39
10 8.808831000 199 136
11 8.808831000 212 119
12 8.808831000 209 118
0 8.818831000 181 58
1 8.818831000 178 170
2 8.818831000 111 127
3 8.818831000 68 56
4 8.818831000 115 103
5 8.818831000 58 36
6 8.818831000 180 41
7 8.818831000 96 4
8 8.818831000 91 116
9 8.818831000 50 41
10 8.818831000 198 135
11 8.818831000 212 118
12 8.818831000 209 117
0 8.828831000 180 57
1 8.828831000 178 169
2 8.828831000 113 128
3 8.828831000 67 57
4 8.828831000 113 103
5 8.828831000 57 36
6 8.828831000 177 41
7 8.828831000 94 3
8 8.828831000 91 117
9 8.828831000 49 42
10 8.828831000 198 133
11 8.828831000 212 117
12 8.828831000 209 115
0 8.838831000 178 57
1 8.838831000 179 169
2 8.838831000 114 128
3 8.838831000 65 58
4 8.838831000 113 103
5 8.838831000 55 38
6 8.838831000 177 40
7 8.838831000 94 5
8 8.838831000 91 118
9 8.838831000 47 43
10 8.838831000 198 132
11 8.838831000 212 115
12 8.838831000 209 114
0 8.848831000 177 56
1 8.848831000 180 168
2 8.848831000 114 130
3 8.848831000 66 60
4 8.848831000 113 105
5 8.848831000 54 40
6 8.848831000 175 40
7 8.848831000 92 7
8 8.848831000 91 120
9 8.848831000 47 45
10 8.848831000 199 132
11 8.848831000 211 114
12 8.848831000 209 113
0 8.858831000 176 56
1 8.858831000 182 168
2 8.858831000 114 131
3 8.858831000 64 62
4 8.858831000 112 105
5 8.858831000 53 42
6 8.858831000 174 40
7 8.858831000 89 7
8 8.858831000 91 120
9 8.858831000 44 47
10 8.858831000 200 131
11 8.858831000 212 112
12 8.858831000 207 112
0 8.868831000 175 55
1 8.868831000 182 166
2 8.868831000 114 132
3 8.868831000 63 63
4 8.868831000 112 106
5 8.868831000 51 44
6 8.868831000 171 39
7 8.868831000 86 9
8 8.868831000 91 121
9 8.868831000 44 49
10 8.868831000 200 129
11 8.868831000 211 111
12 8.868831000 208 110
0 8.878831000 173 54
1 8.878831000 182 165
2 8.878831000 113 132
3 8.878831000 61 65
4 8.878831000 111 106
5 8.878831000 49 45
6 8.878831000 170 37
7 8.878831000 85 9
8 8.878831000 91 123
9 8.878831000 42 51
10 8.878831000 200 128
11 8.878831000 212 110
12 8.878831000 207 109
0 8.888831000 171 53
1 8.888831000 183 163
2 8.888831000 115 132
3 8.888831000 60 66
4 8.888831000 112 107
5 8.888831000 48 47
6 8.888831000 167 37
7 8.888831000 81 10
8 8.888831000 91 123
9 8.888831000 40 52
10 8.888831000 201 127
11 8.888831000 212 108
12 8.888831000 208 107
0 8.898831000 169 52
1 8.898831000 184 162
2 8.898831000 115 131
3 8.898831000 59 67
4 8.898831000 112 108
5 8.898831000 45 49
6 8.898831000 166 35
7 8.898831000 78 10
8 8.898831000 91 124
9 8.898831000 38 54
10 8.898831000 200 124
11 8.898831000 210 106
12 8.898831000 206 106
0 8.908831000 169 51
1 8.908831000 186 160
2 8.908831000 115 131
3 8.908831000 58 68
4 8.908831000 110 108
5 8.908831000 44 50
6 8.908831000 163 35
7 8.908831000 77 11
8 8.908831000 91 125
9 8.908831000 38 56
10 8.908831000 201 122
11 8.908831000 211 103
12 8.908831000 206 104
0 8.918831000 167 50
1 8.918831000 186 158
2 8.918831000 116 130
3 8.918831000 56 69
4 8.918831000 109 107
5 8.918831000 42 51
6 8.918831000 162 34
7 8.918831000 74 12
8 8.918831000 91 124
9 8.918831000 36 57
10 8.918831000 202 120
11 8.918831000 210 101
12 8.918831000 207 101
0 8.928831000 166 47
1 8.928831000 186 157
2 8.928831000 116 129
3 8.928831000 56 70
4 8.928831000 109 107
5 8.928831000 41 53
6 8.928831000 160 32
7 8.928831000 71 12
8 8.928831000 91 125
9 8.928831000 35 59
10 8.928831000 201 119
11 8.928831000 211 99
12 8.928831000 204 99
0 8.938831000 164 46
1 8.938831000 187 156
2 8.938831000 116 129
3 8.938831000 54 72
4 8.938831000 108 108
5 8.938831000 40 55
6 8.938831000 158 31
7 8.938831000 68 13
8 8.938831000 91 125
9 8.938831000 33 60
10 8.938831000 200 115
11 8.938831000 208 96
12 8.938831000 204 97
0 8.948831000 163 45
1 8.948831000 187 154
2 8.948831000 116 129
3 8.948831000 53 73
4 8.948831000 108 108
5 8.948831000 39 55
6 8.948831000 156 30
7 8.948831000 66 13
8 8.948831000 91 125
9 8.948831000 32 61
10 8.948831000 199 113
11 8.948831000 208 94
12 8.948831000 204 96
0 8.958831000 161 44
1 8.958831000 188 152
2 8.958831000 116 130
3 8.958831000 52 74
4 8.958831000 108 108
5 8.958831000 36 57
6 8.958831000 154 29
7 8.958831000 63 14
8 8.958831000 91 126
9 8.958831000 31 63
10 8.958831000 198 112
11 8.958831000 207 92
12 8.958831000 203 94
0 8.968831000 160 43
1 8.968831000 188 152
2 8.968831000 117 130
3 8.968831000 51 75
4 8.968831000 108 108
5 8.968831000 35 58
6 8.968831000 153 29
7 8.968831000 63 15
8 8.968831000 93 126
9 8.968831000 30 64
10 8.968831000 197 110
11 8.968831000 205 91
12 8.968831000 202 92
0 8.978831000 157 41
1 8.978831000 188 149
2 8.978831000 117 128
3 8.978831000 50 76
4 8.978831000 108 108
5 8.978831000 34 60
6 8.978831000 150 27
7 8.978831000 61 16
8 8.978831000 92 127
9 8.978831000 28 66
10 8.978831000 198 108
11 8.978831000 205 89
12 8.978831000 202 90
0 8.988831000 156 41
1 8.988831000 188 148
2 8.988831000 117 128
3 8.988831000 49 77
4 8.988831000 108 108
5 8.988831000 33 61
6 8.988831000 148 28
7 8.988831000 59 17
8 8.988831000 92 127
9 8.988831000 27 68
10 8.988831000 197 107
11 8.988831000 205 87
12 8.988831000 201 89
0 8.998831000 154 40
1 8.998831000 189 147
2 8.998831000 118 129
3 8.998831000 48 80
4 8.998831000 107 108
5 8.998831000 32 64
6 8.998831000 146 27
7 8.998831000 56 19
8 8.998831000 93 128
9 8.998831000 26 70
10 8.998831000 197 106
11 8.998831000 204 86
12 8.998831000 202 87
0 9.008831000 152 39
1 9.008831000 191 146
2 9.008831000 117 129
3 9.008831000 48 81
4 9.008831000 107 109
5 9.008831000 30 66
6 9.008831000 143 26
7 9.008831000 54 19
8 9.008831000 93 129
9 9.008831000 25 73
10 9.008831000 196 105
11 9.008831000 203 85
12 9.008831000 200 87
0 9.018831000 150 39
1 9.018831000 191 144
2 9.018831000 118 130
3 9.018831000 47 83
4 9.018831000 107 110
5 9.018831000 29 68
6 9.018831000 141 27
7 9.018831000 52 22
8 9.018831000 93 130
9 9.018831000 24 74
10 9.018831000 196 103
11 9.018831000 203 83
12 9.018831000 200 84
0 9.028831000 149 38
1 9.028831000 191 142
2 9.028831000 118 130
3 9.028831000 46 85
4 9.028831000 107 110
5 9.028831000 28 70
6 9.028831000 138 26
7 9.028831000 49 23
8 9.028831000 93 130
9 9.028831000 23 77
10 9.028831000 197 102
11 9.028831000 202 80
12 9.028831000 199 82
0 9.038831000 147 37
1 9.038831000 192 140
2 9.038831000 117 130
3 9.038831000 46 87
4 9.038831000 106 111
5 9.038831000 27 73
6 9.038831000 136 26
7 9.038831000 48 24
8 9.038831000 93 130
9 9.038831000 23 80
10 9.038831000 196 99
11 9.038831000 201 78
12 9.038831000 199 80
0 9.048831000 145 36
1 9.048831000 192 138
2 9.048831000 118 130
3 9.048831000 45 88
4 9.048831000 107 111
5 9.048831000 26 74
6 9.048831000 134 25
7 9.048831000 45 27
8 9.048831000 93 131
9 9.048831000 21 80
10 9.048831000 195 96
11 9.048831000 201 76
12 9.048831000 198 77
0 9.058831000 143 35
1 9.058831000 193 137
2 9.058831000 118 130
3 9.058831000 44 89
4 9.058831000 106 111
5 9.058831000 25 76
6 9.058831000 132 25
7 9.058831000 44 28
8 9.058831000 94 131
9 9.058831000 21 82
10 9.058831000 195 95
11 9.058831000 200 74
12 9.058831000 197 76
0 9.068831000 141 34
1 9.068831000 194 135
2 9.068831000 119 130
3 9.068831000 44 91
4 9.068831000 105 112
5 9.068831000 24 78
6 9.068831000 128 23
7 9.068831000 41 29
8 9.068831000 94 131
9 9.068831000 20 85
10 9.068831000 194 92
11 9.068831000 199 72
12 9.068831000 196 74
0 9.078831000 139 33
1 9.078831000 194 132
2 9.078831000 120 129
3 9.078831000 43 93
4 9.078831000 105 110
5 9.078831000 23 80
6 9.078831000 127 22
7 9.078831000 39 31
8 9.078831000 96 131
9 9.078831000 20 87
10 9.078831000 194 89
11 9.078831000 198 70
12 9.078831000 195 72
0 9.088831000 137 32
1 9.088831000 194 129
2 9.088831000 120 129
3 9.088831000 42 94
4 9.088831000 106 110
5 9.088831000 22 82
6 9.088831000 125 22
7 9.088831000 37 32
8 9.088831000 95 132
9 9.088831000 19 88
10 9.088831000 193 87
11 9.088831000 197 68
12 9.088831000 194 69
0 9.098831000 135 31
1 9.098831000 195 128
2 9.098831000 120 128
3 9.098831000 42 95
4 9.098831000 105 110
5 9.098831000 22 84
6 9.098831000 122 21
7 9.098831000 35 33
8 9.098831000 96 132
9 9.098831000 18 89
10 9.098831000 193 85
11 9.098831000 196 65
12 9.098831000 192 67
0 9.108831000 133 30
1 9.108831000 194 126
2 9.108831000 120 128
3 9.108831000 41 96
4 9.108831000 105 111
5 9.108831000 20 85
6 9.108831000 121 20
7 9.108831000 33 34
8 9.108831000 97 131
9 9.108831000 18 92
10 9.108831000 192 83
11 9.108831000 195 63
12 9.108831000 192 65
0 9.118831000 131 29
1 9.118831000 195 124
2 9.118831000 120 127
3 9.118831000 41 98
4 9.118831000 104 110
5 9.118831000 20 86
6 9.118831000 119 20
7 9.118831000 31 35
8 9.118831000 96 132
9 9.118831000 18 94
10 9.118831000 192 82
11 9.118831000 194 61
12 9.118831000 191 62
0 9.128831000 130 29
1 9.128831000 195 123
2 9.128831000 121 127
3 9.128831000 39 99
4 9.128831000 104 111
5 9.128831000 19 88
6 9.128831000 117 20
7 9.128831000 30 36
8 9.128831000 96 132
9 9.128831000 17 95
10 9.128831000 190 80
11 9.128831000 193 59
12 9.128831000 189 60
0 9.138831000 128 29
1 9.138831000 196 121
2 9.138831000 122 128
3 9.138831000 41 100
4 9.138831000 106 110
5 9.138831000 19 90
6 9.138831000 116 20
7 9.138831000 30 37
8 9.138831000 97 132
9 9.138831000 16 96
10 9.138831000 189 79
11 9.138831000 192 57
12 9.138831000 189 60
0 9.148831000 126 28
1 9.148831000 195 119
2 9.148831000 121 126
3 9.148831000 40 102
4 9.148831000 105 111
5 9.148831000 18 92
6 9.148831000 114 20
7 9.148831000 29 38
8 9.148831000 97 133
9 9.148831000 16 99
10 9.148831000 189 78
11 9.148831000 191 56
12 9.148831000 188 58
0 9.158831000 125 28
1 9.158831000 195 117
2 9.158831000 122 126
3 9.158831000 40 103
4 9.158831000 105 111
5 9.158831000 18 93
6 9.158831000 112 20
7 9.158831000 27 38
8 9.158831000 97 133
9 9.158831000 16 100
10 9.158831000 188 76
11 9.158831000 190 55
12 9.158831000 187 56
0 9.168831000 124 27
1 9.168831000 195 116
2 9.168831000 122 126
3 9.168831000 40 104
4 9.168831000 105 111
5 9.168831000 17 95
6 9.168831000 111 20
7 9.168831000 26 39
8 9.168831000 97 133
9 9.168831000 17 102
10 9.168831000 188 74
11 9.168831000 189 54
12 9.168831000 186 55
0 9.178831000 123 27
1 9.178831000 196 115
2 9.178831000 122 127
3 9.178831000 39 105
4 9.178831000 104 111
5 9.178831000 18 96
6 9.178831000 108 20
7 9.178831000 27 38
8 9.178831000 97 133
9 9.178831000 15 104
10 9.178831000 188 73
11 9.178831000 188 53
12 9.178831000 184 54
0 9.188831000 121 26
1 9.188831000 195 113
2 9.188831000 121 125
3 9.188831000 39 106
4 9.188831000 104 110
5 9.188831000 16 98
6 9.188831000 106 18
7 9.188831000 26 38
8 9.188831000 98 133
9 9.188831000 16 105
10 9.188831000 186 72
11 9.188831000 186 51
12 9.188831000 183 53
0 9.198831000 119 26
1 9.198831000 195 112
2 9.198831000 121 125
3 9.198831000 39 107
4 9.198831000 104 110
5 9.198831000 16 98
6 9.198831000 105 18
7 9.198831000 24 39
8 9.198831000 98 132
9 9.198831000 14 106
10 9.198831000 186 70
11 9.198831000 185 50
12 9.198831000 181 52
0 9.208831000 117 25
1 9.208831000 194 110
2 9.208831000 121 125
3 9.208831000 37 107
4 9.208831000 103 109
5 9.208831000 16 99
6 9.208831000 103 18
7 9.208831000 23 39
8 9.208831000 98 132
9 9.208831000 14 106
10 9.208831000 183 69
11 9.208831000 184 48
12 9.208831000 180 50
0 9.218831000 115 25
1 9.218831000 194 109
2 9.218831000 121 124
3 9.218831000 37 107
4 9.218831000 103 109
5 9.218831000 15 100
6 9.218831000 102 17
7 9.218831000 21 39
8 9.218831000 99 132
9 9.218831000 13 107
10 9.218831000 183 67
11 9.218831000 183 46
12 9.218831000 179 48
0 9.228831000 114 24
1 9.228831000 193 107
2 9.228831000 122 123
3 9.228831000 36 108
4 9.228831000 102 108
5 9.228831000 15 101
6 9.228831000 101 17
7 9.228831000 20 40
8 9.228831000 98 132
9 9.228831000 13 108
10 9.228831000 181 66
11 9.228831000 182 45
12 9.228831000 178 47
0 9.238831000 113 24
1 9.238831000 194 106
2 9.238831000 121 123
3 9.238831000 37 109
4 9.238831000 103 108
5 9.238831000 13 102
6 9.238831000 100 17
7 9.238831000 20 41
8 9.238831000 99 132
9 9.238831000 13 109
10 9.238831000 182 65
11 9.238831000 181 44
12 9.238831000 178 46
0 9.248831000 112 23
1 9.248831000 194 105
2 9.248831000 122 123
3 9.248831000 36 109
4 9.248831000 102 109
5 9.248831000 15 102
6 9.248831000 98 17
7 9.248831000 19 42
8 9.248831000 99 131
9 9.248831000 13 110
10 9.248831000 182 64
11 9.248831000 181 43
12 9.248831000 177 45
0 9.258831000 112 24
1 9.258831000 193 104
2 9.258831000 122 123
3 9.258831000 38 111
4 9.258831000 102 109
5 9.258831000 14 103
6 9.258831000 98 16
7 9.258831000 19 43
8 9.258831000 99 132
9 9.258831000 13 111
10 9.258831000 181 63
11 9.258831000 180 43
12 9.258831000 176 45
0 9.268831000 110 23
1 9.268831000 193 103
2 9.268831000 122 123
3 9.268831000 37 112
4 9.268831000 103 108
5 9.268831000 15 104
6 9.268831000 96 17
7 9.268831000 17 43
8 9.268831000 100 131
9 9.268831000 14 111
10 9.268831000 181 62
11 9.268831000 179 42
12 9.268831000 175 43
0 9.278831000 110 22
1 9.278831000 193 101
2 9.278831000 122 122
3 9.278831000 37 111
4 9.278831000 102 108
5 9.278831000 15 105
6 9.278831000 96 16
7 9.278831000 17 44
8 9.278831000 99 131
9 9.278831000 14 113
10 9.278831000 180 61
11 9.278831000 179 41
12 9.278831000 174 43
0 9.288831000 109 22
1 9.288831000 194 100
2 9.288831000 123 121
3 9.288831000 37 111
4 9.288831000 101 107
5 9.288831000 14 105
6 9.288831000 95 15
7 9.288831000 17 44
8 9.288831000 100 131
9 9.288831000 14 113
10 9.288831000 179 60
11 9.288831000 177 40
12 9.288831000 174 42
0 9.298831000 108 22
1 9.298831000 193 99
2 9.298831000 122 121
3 9.298831000 36 112
4 9.298831000 102 107
5 9.298831000 14 105
6 9.298831000 94 16
7 9.298831000 15 44
8 9.298831000 100 131
9 9.298831000 14 113
10 9.298831000 179 59
11 9.298831000 177 40
12 9.298831000 173 42
0 9.308831000 108 21
1 9.308831000 193 98
2 9.308831000 123 120
3 9.308831000 36 113
4 9.308831000 103 108
5 9.308831000 14 106
6 9.308831000 92 15
7 9.308831000 15 45
8 9.308831000 100 131
9 9.308831000 13 113
10 9.308831000 178 58
11 9.308831000 179 38
12 9.308831000 173 40
0 9.318831000 107 21
1 9.318831000 194 97
2 9.318831000 124 120
3 9.318831000 37 114
4 9.318831000 103 107
5 9.318831000 15 107
6 9.318831000 92 16
7 9.318831000 15 47
8 9.318831000 102 131
9 9.318831000 14 114
10 9.318831000 178 57
11 9.318831000 177 38
12 9.318831000 173 39
0 9.328831000 106 21
1 9.328831000 193 96
2 9.328831000 124 120
3 9.328831000 38 114
4 9.328831000 102 107
5 9.328831000 15 108
6 9.328831000 91 16
7 9.328831000 13 48
8 9.328831000 103 131
9 9.328831000 15 116
10 9.328831000 178 56
11 9.328831000 176 37
12 9.328831000 172 38
0 9.338831000 104 22
1 9.338831000 194 94
2 9.338831000 125 120
3 9.338831000 39 116
4 9.338831000 104 108
5 9.338831000 15 110
6 9.338831000 89 16
7 9.338831000 14 49
8 9.338831000 104 130
9 9.338831000 16 118
10 9.338831000 178 56
11 9.338831000 176 36
12 9.338831000 172 36
0 9.348831000 104 21
1 9.348831000 195 92
2 9.348831000 125 118
3 9.348831000 39 117
4 9.348831000 104 107
5 9.348831000 16 112
6 9.348831000 88 17
7 9.348831000 13 51
8 9.348831000 104 131
9 9.348831000 15 119
10 9.348831000 178 54
11 9.348831000 175 33
12 9.348831000 171 35
0 9.358831000 103 21
1 9.358831000 194 91
2 9.358831000 125 119
3 9.358831000 39 117
4 9.358831000 104 106
5 9.358831000 16 112
6 9.358831000 87 16
7 9.358831000 13 52
8 9.358831000 104 131
9 9.358831000 17 120
10 9.358831000 176 52
11 9.358831000 173 33
12 9.358831000 170 34
0 9.368831000 101 20
1 9.368831000 195 89
2 9.368831000 125 118
3 9.368831000 40 118
4 9.368831000 104 107
5 9.368831000 17 113
6 9.368831000 86 16
7 9.368831000 11 53
8 9.368831000 106 129
9 9.368831000 16 121
10 9.368831000 176 50
11 9.368831000 173 31
12 9.368831000 168 33
0 9.378831000 101 20
1 9.378831000 194 88
2 9.378831000 126 117
3 9.378831000 40 118
4 9.378831000 104 107
5 9.378831000 17 114
6 9.378831000 85 16
7 9.378831000 12 53
8 9.378831000 106 130
9 9.378831000 17 122
10 9.378831000 175 49
11 9.378831000 173 29
12 9.378831000 169 31
0 9.388831000 99 20
1 9.388831000 194 86
2 9.388831000 127 117
3 9.388831000 41 119
4 9.388831000 104 106
5 9.388831000 17 115
6 9.388831000 84 15
7 9.388831000 11 54
8 9.388831000 106 129
9 9.388831000 17 123
10 9.388831000 175 47
11 9.388831000 172 28
12 9.388831000 168 29
0 9.398831000 99 20
1 9.398831000 194 84
2 9.398831000 127 117
3 9.398831000 41 120
4 9.398831000 104 106
5 9.398831000 18 117
6 9.398831000 82 16
7 9.398831000 10 57
8 9.398831000 108 129
9 9.398831000 19 124
10 9.398831000 174 47
11 9.398831000 172 28
12 9.398831000 167 29
0 9.408831000 98 20
1 9.408831000 195 83
2 9.408831000 128 116
3 9.408831000 43 121
4 9.408831000 105 106
5 9.408831000 19 118
6 9.408831000 83 17
7 9.408831000 11 58
8 9.408831000 108 129
9 9.408831000 21 125
10 9.408831000 174 46
11 9.408831000 171 27
12 9.408831000 167 28
0 9.418831000 98 21
1 9.418831000 195 82
2 9.418831000 129 117
3 9.418831000 43 123
4 9.418831000 106 106
5 9.418831000 21 120
6 9.418831000 82 17
7 9.418831000 11 60
8 9.418831000 109 131
9 9.418831000 21 127
10 9.418831000 173 45
11 9.418831000 170 26
12 9.418831000 165 27
0 9.428831000 97 22
1 9.428831000 195 82
2 9.428831000 130 117
3 9.428831000 45 125
4 9.428831000 107 107
5 9.428831000 21 122
6 9.428831000 81 19
7 9.428831000 12 63
8 9.428831000 110 131
9 9.428831000 22 129
10 9.428831000 174 45
11 9.428831000 170 25
12 9.428831000 165 26
0 9.438831000 96 23
1 9.438831000 196 80
2 9.438831000 131 117
3 9.438831000 46 126
4 9.438831000 108 107
5 9.438831000 22 124
6 9.438831000 80 20
7 9.438831000 11 66
8 9.438831000 112 131
9 9.438831000 23 131
10 9.438831000 172 43
11 9.438831000 169 24
12 9.438831000 164 26
0 9.448831000 95 22
1 9.448831000 197 79
2 9.448831000 131 117
3 9.448831000 47 127
4 9.448831000 108 107
5 9.448831000 23 125
6 9.448831000 79 22
7 9.448831000 12 67
8 9.448831000 112 131
9 9.448831000 24 133
10 9.448831000 172 43
11 9.448831000 169 23
12 9.448831000 164 25
0 9.458831000 94 24
1 9.458831000 196 78
2 9.458831000 131 117
3 9.458831000 46 129
4 9.458831000 107 108
5 9.458831000 24 127
6 9.458831000 78 21
7 9.458831000 11 68
8 9.458831000 113 132
9 9.458831000 24 134
10 9.458831000 171 43
11 9.458831000 168 22
12 9.458831000 163 24
0 9.468831000 93 23
1 9.468831000 196 77
2 9.468831000 132 117
3 9.468831000 47 130
4 9.468831000 108 108
5 9.468831000 25 128
6 9.468831000 77 22
7 9.468831000 11 70
8 9.468831000 114 131
9 9.468831000 26 136
10 9.468831000 171 42
11 9.468831000 167 22
12 9.468831000 162 23
0 9.478831000 93 25
1 9.478831000 196 76
2 9.478831000 133 116
3 9.478831000 48 130
4 9.478831000 109 108
5 9.478831000 26 130
6 9.478831000 77 23
7 9.478831000 11 71
8 9.478831000 114 132
9 9.478831000 26 137
10 9.478831000 169 41
11 9.478831000 166 21
12 9.478831000 161 23
0 9.488831000 92 24
1 9.488831000 196 75
2 9.488831000 133 116
3 9.488831000 49 132
4 9.488831000 109 109
5 9.488831000 26 132
6 9.488831000 76 23
7 9.488831000 12 73
8 9.488831000 116 132
9 9.488831000 27 138
10 9.488831000 171 40
11 9.488831000 166 20
12 9.488831000 161 22
0 9.498831000 91 26
1 9.498831000 196 74
2 9.498831000 133 117
3 9.498831000 50 133
4 9.498831000 108 108
5 9.498831000 26 133
6 9.498831000 75 25
7 9.498831000 11 75
8 9.498831000 116 133
9 9.498831000 28 140
10 9.498831000 168 40
11 9.498831000 166 20
12 9.498831000 160 22
0 9.508831000 91 27
1 9.508831000 196 74
2 9.508831000 134 117
3 9.508831000 51 134
4 9.508831000 110 109
5 9.508831000 28 135
6 9.508831000 74 25
7 9.508831000 11 77
8 9.508831000 116 132
9 9.508831000 28 142
10 9.508831000 168 40
11 9.508831000 164 20
12 9.508831000 159 22
0 9.518831000 90 27
1 9.518831000 196 73
2 9.518831000 133 117
3 9.518831000 51 135
4 9.518831000 110 109
5 9.518831000 28 135
6 9.518831000 74 26
7 9.518831000 11 78
8 9.518831000 117 133
9 9.518831000 29 143
10 9.518831000 167 39
11 9.518831000 164 20
12 9.518831000 159 22
0 9.528831000 90 28
1 9.528831000 196 73
2 9.528831000 134 118
3 9.528831000 52 136
4 9.528831000 110 110
5 9.528831000 29 136
6 9.528831000 73 27
7 9.528831000 11 80
8 9.528831000 117 133
9 9.528831000 30 143
10 9.528831000 166 39
11 9.528831000 163 20
12 9.528831000 158 22
0 9.538831000 89 28
1 9.538831000 196 72
2 9.538831000 135 118
3 9.538831000 52 137
4 9.538831000 109 110
5 9.538831000 29 137
6 9.538831000 72 28
7 9.538831000 11 81
8 9.538831000 117 133
9 9.538831000 30 144
10 9.538831000 166 38
11 9.538831000 163 19
12 9.538831000 158 21
0 9.548831000 89 28
1 9.548831000 196 72
2 9.548831000 136 116
3 9.548831000 52 137
4 9.548831000 110 110
5 9.548831000 30 138
6 9.548831000 72 28
7 9.548831000 11 82
8 9.548831000 118 133
9 9.548831000 30 145
10 9.548831000 167 38
11 9.548831000 163 19
12 9.548831000 156 22
0 9.558831000 89 29
1 9.558831000 195 71
2 9.558831000 135 116
3 9.558831000 53 138
4 9.558831000 110 110
5 9.558831000 30 139
6 9.558831000 71 29
7 9.558831000 11 83
8 9.558831000 117 134
9 9.558831000 31 146
10 9.558831000 164 38
11 9.558831000 161 19
12 9.558831000 156 22
0 9.568831000 87 28
1 9.568831000 195 70
2 9.568831000 135 115
3 9.568831000 53 139
4 9.568831000 110 110
5 9.568831000 30 139
6 9.568831000 70 29
7 9.568831000 11 82
8 9.568831000 118 134
9 9.568831000 31 146
10 9.568831000 164 38
11 9.568831000 159 19
12 9.568831000 154 22
0 9.578831000 87 29
1 9.578831000 194 70
2 9.578831000 135 114
3 9.578831000 53 139
4 9.578831000 110 110
5 9.578831000 29 140
6 9.578831000 70 29
7 9.578831000 11 83
8 9.578831000 118 134
9 9.578831000 31 147
10 9.578831000 164 37
11 9.578831000 159 19
12 9.578831000 154 21
0 9.588831000 86 29
1 9.588831000 194 70
2 9.588831000 134 115
3 9.588831000 53 139
4 9.588831000 109 110
5 9.588831000 30 140
6 9.588831000 70 29
7 9.588831000 11 83
8 9.588831000 117 132
9 9.588831000 30 146
10 9.588831000 163 38
11 9.588831000 158 19
12 9.588831000 153 21
0 9.598831000 87 28
1 9.598831000 194 69
2 9.598831000 135 115
3 9.598831000 53 140
4 9.598831000 109 111
5 9.598831000 30 141
6 9.598831000 69 29
7 9.598831000 10 83
8 9.598831000 118 132
9 9.598831000 31 147
10 9.598831000 163 37
11 9.598831000 158 19
12 9.598831000 153 20
0 9.608831000 87 29
1 9.608831000 193 69
2 9.608831000 135 116
3 9.608831000 52 139
4 9.608831000 110 110
5 9.608831000 31 141
6 9.608831000 68 30
7 9.608831000 9 82
8 9.608831000 119 133
9 9.608831000 32 148
10 9.608831000 161 36
11 9.608831000 158 19
12 9.608831000 152 21
0 9.618831000 86 29
1 9.618831000 193 68
2 9.618831000 134 117
3 9.618831000 52 138
4 9.618831000 110 110
5 9.618831000 30 141
6 9.618831000 68 29
7 9.618831000 10 84
8 9.618831000 118 132
9 9.618831000 30 147
10 9.618831000 162 37
11 9.618831000 158 17
12 9.618831000 152 20
0 9.628831000 86 29
1 9.628831000 194 68
2 9.628831000 134 117
3 9.628831000 51 139
4 9.628831000 109 110
5 9.628831000 28 141
6 9.628831000 68 29
7 9.628831000 8 84
8 9.628831000 117 131
9 9.628831000 30 148
10 9.628831000 161 36
11 9.628831000 158 18
12 9.628831000 152 20
0 9.638831000 85 28
1 9.638831000 192 69
2 9.638831000 134 116
3 9.638831000 52 139
4 9.638831000 110 110
5 9.638831000 27 141
6 9.638831000 68 29
7 9.638831000 9 84
8 9.638831000 117 131
9 9.638831000 32 148
10 9.638831000 161 36
11 9.638831000 158 18
12 9.638831000 152 19
0 9.648831000 85 28
1 9.648831000 194 69
2 9.648831000 133 116
3 9.648831000 51 139
4 9.648831000 110 110
5 9.648831000 28 140
6 9.648831000 69 28
7 9.648831000 8 83
8 9.648831000 116 132
9 9.648831000 29 147
10 9.648831000 162 35
11 9.648831000 157 16
12 9.648831000 150 19
0 9.658831000 84 27
1 9.658831000 193 69
2 9.658831000 133 116
3 9.658831000 51 137
4 9.658831000 108 110
5 9.658831000 27 139
6 9.658831000 69 28
7 9.658831000 9 83
8 9.658831000 116 132
9 9.658831000 30 147
10 9.658831000 163 37
11 9.658831000 158 17
12 9.658831000 151 19
0 9.668831000 86 27
1 9.668831000 192 70
2 9.668831000 134 115
3 9.668831000 50 137
4 9.668831000 107 111
5 9.668831000 27 138
6 9.668831000 69 27
7 9.668831000 8 82
8 9.668831000 115 132
9 9.668831000 28 147
10 9.668831000 161 38
11 9.668831000 159 18
12 9.668831000 154 20
0 9.678831000 86 26
1 9.678831000 192 71
2 9.678831000 132 115
3 9.678831000 50 137
4 9.678831000 107 110
5 9.678831000 27 137
6 9.678831000 70 27
7 9.678831000 9 81
8 9.678831000 115 133
9 9.678831000 28 144
10 9.678831000 163 38
11 9.678831000 159 19
12 9.678831000 153 21
0 9.688831000 87 27
1 9.688831000 193 72
2 9.688831000 132 117
3 9.688831000 49 136
4 9.688831000 108 110
5 9.688831000 26 136
6 9.688831000 71 27
7 9.688831000 8 80
8 9.688831000 115 133
9 9.688831000 26 144
10 9.688831000 163 39
11 9.688831000 161 20
12 9.688831000 155 22
0 9.698831000 88 27
1 9.698831000 194 73
2 9.698831000 130 116
3 9.698831000 48 135
4 9.698831000 108 110
5 9.698831000 26 136
6 9.698831000 71 26
7 9.698831000 9 78
8 9.698831000 115 134
9 9.698831000 25 143
10 9.698831000 164 40
11 9.698831000 160 21
12 9.698831000 156 22
0 9.708831000 89 26
1 9.708831000 193 74
2 9.708831000 132 116
3 9.708831000 49 134
4 9.708831000 107 110
5 9.708831000 26 134
6 9.708831000 73 27
7 9.708831000 9 77
8 9.708831000 114 133
9 9.708831000 24 142
10 9.708831000 163 40
11 9.708831000 162 22
12 9.708831000 158 23
0 9.718831000 89 25
1 9.718831000 193 75
2 9.718831000 131 117
3 9.718831000 47 133
4 9.718831000 107 110
5 9.718831000 24 133
6 9.718831000 73 26
7 9.718831000 9 75
8 9.718831000 113 133
9 9.718831000 23 141
10 9.718831000 163 42
11 9.718831000 162 22
12 9.718831000 158 24
0 9.728831000 91 26
1 9.728831000 193 77
2 9.728831000 131 117
3 9.728831000 46 131
4 9.728831000 107 109
5 9.728831000 24 131
6 9.728831000 74 24
7 9.728831000 8 73
8 9.728831000 111 133
9 9.728831000 23 140
10 9.728831000 164 42
11 9.728831000 164 23
12 9.728831000 159 24
0 9.738831000 90 24
1 9.738831000 193 77
2 9.738831000 130 117
3 9.738831000 46 130
4 9.738831000 106 109
5 9.738831000 23 129
6 9.738831000 74 23
7 9.738831000 9 71
8 9.738831000 111 132
9 9.738831000 21 139
10 9.738831000 165 41
11 9.738831000 165 23
12 9.738831000 159 25
0 9.748831000 92 24
1 9.748831000 193 79
2 9.748831000 129 117
3 9.748831000 45 129
4 9.748831000 105 109
5 9.748831000 22 128
6 9.748831000 76 22
7 9.748831000 9 69
8 9.748831000 111 132
9 9.748831000 21 137
10 9.748831000 167 44
11 9.748831000 166 24
12 9.748831000 160 25
0 9.758831000 93 23
1 9.758831000 194 81
2 9.758831000 129 117
3 9.758831000 44 127
4 9.758831000 105 108
5 9.758831000 21 125
6 9.758831000 77 21
7 9.758831000 9 67
8 9.758831000 110 132
9 9.758831000 20 135
10 9.758831000 168 44
11 9.758831000 167 24
12 9.758831000 162 26
0 9.768831000 95 22
1 9.768831000 193 82
2 9.768831000 127 117
3 9.768831000 43 126
4 9.768831000 106 108
5 9.768831000 20 124
6 9.768831000 78 20
7 9.768831000 9 65
8 9.768831000 109 131
9 9.768831000 19 133
10 9.768831000 169 45
11 9.768831000 168 26
12 9.768831000 162 27
0 9.778831000 96 22
1 9.778831000 195 83
2 9.778831000 128 117
3 9.778831000 44 124
4 9.778831000 105 107
5 9.778831000 20 122
6 9.778831000 80 20
7 9.778831000 10 63
8 9.778831000 108 131
9 9.778831000 19 131
10 9.778831000 170 45
11 9.778831000 168 26
12 9.778831000 163 27
0 9.788831000 97 22
1 9.788831000 194 84
2 9.788831000 128 117
3 9.788831000 42 123
4 9.788831000 105 107
5 9.788831000 19 121
6 9.788831000 81 18
7 9.788831000 10 61
8 9.788831000 107 131
9 9.788831000 17 129
10 9.788831000 171 47
11 9.788831000 169 28
12 9.788831000 164 29
0 9.798831000 98 21
1 9.798831000 194 85
2 9.798831000 127 117
3 9.798831000 42 121
4 9.798831000 104 107
5 9.798831000 20 119
6 9.798831000 81 17
7 9.798831000 11 59
8 9.798831000 107 130
9 9.798831000 17 127
10 9.798831000 171 47
11 9.798831000 171 29
12 9.798831000 166 29
0 9.808831000 100 20
1 9.808831000 194 86
2 9.808831000 127 117
3 9.808831000 40 120
4 9.808831000 104 106
5 9.808831000 19 117
6 9.808831000 84 17
7 9.808831000 11 56
8 9.808831000 106 129
9 9.808831000 16 126
10 9.808831000 171 48
11 9.808831000 172 29
12 9.808831000 167 30
0 9.818831000 101 20
1 9.818831000 194 87
2 9.818831000 126 118
3 9.818831000 40 118
4 9.818831000 104 106
5 9.818831000 18 115
6 9.818831000 84 16
7 9.818831000 11 54
8 9.818831000 106 129
9 9.818831000 16 124
10 9.818831000 173 48
11 9.818831000 173 29
12 9.818831000 168 31
0 9.828831000 102 20
1 9.828831000 195 89
2 9.828831000 126 118
3 9.828831000 40 117
4 9.828831000 104 106
5 9.828831000 18 113
6 9.828831000 85 15
7 9.828831000 11 53
8 9.828831000 106 130
9 9.828831000 15 121
10 9.828831000 174 50
11 9.828831000 174 30
12 9.828831000 169 31
0 9.838831000 102 18
1 9.838831000 194 89
2 9.838831000 126 117
3 9.838831000 40 115
4 9.838831000 103 105
5 9.838831000 16 111
6 9.838831000 86 14
7 9.838831000 12 51
8 9.838831000 105 129
9 9.838831000 14 119
10 9.838831000 175 50
11 9.838831000 175 31
12 9.838831000 170 32
0 9.848831000 104 19
1 9.848831000 195 89
2 9.848831000 125 117
3 9.848831000 40 114
4 9.848831000 104 105
5 9.848831000 17 110
6 9.848831000 89 14
7 9.848831000 13 49
8 9.848831000 105 129
9 9.848831000 14 118
10 9.848831000 176 51
11 9.848831000 176 31
12 9.848831000 170 33
0 9.858831000 105 18
1 9.858831000 195 91
2 9.858831000 125 117
3 9.858831000 38 113
4 9.858831000 104 104
5 9.858831000 16 108
6 9.858831000 89 12
7 9.858831000 14 47
8 9.858831000 104 128
9 9.858831000 14 117
10 9.858831000 177 51
11 9.858831000 177 31
12 9.858831000 171 34
0 9.868831000 105 18
1 9.868831000 194 91
2 9.868831000 124 117
3 9.868831000 39 112
4 9.868831000 103 103
5 9.868831000 16 106
6 9.868831000 90 12
7 9.868831000 14 46
8 9.868831000 104 127
9 9.868831000 14 115
10 9.868831000 178 52
11 9.868831000 179 33
12 9.868831000 172 34
0 9.878831000 107 17
1 9.878831000 194 91
2 9.878831000 124 117
3 9.878831000 38 111
4 9.878831000 103 103
5 9.878831000 16 105
6 9.878831000 91 12
7 9.878831000 14 44
8 9.878831000 103 126
9 9.878831000 13 115
10 9.878831000 178 53
11 9.878831000 179 33
12 9.878831000 172 34
0 9.888831000 108 16
1 9.888831000 195 93
2 9.888831000 123 116
3 9.888831000 38 108
4 9.888831000 103 102
5 9.888831000 15 103
6 9.888831000 92 10
7 9.888831000 15 42
8 9.888831000 102 126
9 9.888831000 13 112
10 9.888831000 177 52
11 9.888831000 181 33
12 9.888831000 173 34
0 9.898831000 108 15
1 9.898831000 193 93
2 9.898831000 123 116
3 9.898831000 36 107
4 9.898831000 102 101
5 9.898831000 14 101
6 9.898831000 93 9
7 9.898831000 15 39
8 9.898831000 101 125
9 9.898831000 12 110
10 9.898831000 179 52
11 9.898831000 181 33
12 9.898831000 173 34
0 9.908831000 108 15
1 9.908831000 193 94
2 9.908831000 122 115
3 9.908831000 36 104
4 9.908831000 102 100
5 9.908831000 13 98
6 9.908831000 94 8
7 9.908831000 15 37
8 9.908831000 101 125
9 9.908831000 11 108
10 9.908831000 179 52
11 9.908831000 182 33
12 9.908831000 174 34
0 9.918831000 109 14
1 9.918831000 193 94
2 9.918831000 121 114
3 9.918831000 34 102
4 9.918831000 101 99
5 9.918831000 13 96
6 9.918831000 95 7
7 9.918831000 14 34
8 9.918831000 99 123
9 9.918831000 8 105
10 9.918831000 178 54
11 9.918831000 183 34
12 9.918831000 174 35
0 9.928831000 110 13
1 9.928831000 191 96
2 9.928831000 120 115
3 9.928831000 34 101
4 9.928831000 100 99
5 9.928831000 11 93
6 9.928831000 96 7
7 9.928831000 15 32
8 9.928831000 97 123
9 9.928831000 9 104
10 9.928831000 179 55
11 9.928831000 184 34
12 9.928831000 176 36
0 9.938831000 111 13
1 9.938831000 191 97
2 9.938831000 119 114
3 9.938831000 33 99
4 9.938831000 100 98
5 9.938831000 11 92
6 9.938831000 96 7
7 9.938831000 16 29
8 9.938831000 97 123
9 9.938831000 7 101
10 9.938831000 180 56
11 9.938831000 183 36
12 9.938831000 176 37
0 9.948831000 113 12
1 9.948831000 191 99
2 9.948831000 118 114
3 9.948831000 34 97
4 9.948831000 99 98
5 9.948831000 10 89
6 9.948831000 98 5
7 9.948831000 16 28
8 9.948831000 95 122
9 9.948831000 8 98
10 9.948831000 180 58
11 9.948831000 183 38
12 9.948831000 177 38
0 9.958831000 115 13
1 9.958831000 190 101
2 9.958831000 118 114
3 9.958831000 32 95
4 9.958831000 99 99
5 9.958831000 11 87
6 9.958831000 100 6
7 9.958831000 17 25
8 9.958831000 95 121
9 9.958831000 6 95
10 9.958831000 181 60
11 9.958831000 185 39
12 9.958831000 178 40
0 9.968831000 116 13
1 9.968831000 190 103
2 9.968831000 116 114
3 9.968831000 32 93
4 9.968831000 98 99
5 9.968831000 10 84
6 9.968831000 102 5
7 9.968831000 19 22
8 9.968831000 94 122
9 9.968831000 6 93
10 9.968831000 181 61
11 9.968831000 186 41
12 9.968831000 180 41
0 9.978831000 118 13
1 9.978831000 190 104
2 9.978831000 114 113
3 9.978831000 32 91
4 9.978831000 99 98
5 9.978831000 9 82
6 9.978831000 104 6
7 9.978831000 20 21
8 9.978831000 93 121
9 9.978831000 7 91
10 9.978831000 181 63
11 9.978831000 188 42
12 9.978831000 182 44
0 9.988831000 120 14
1 9.988831000 189 107
2 9.988831000 115 114
3 9.988831000 32 90
4 9.988831000 99 97
5 9.988831000 10 80
6 9.988831000 107 5
7 9.988831000 22 19
8 9.988831000 93 121
9 9.988831000 6 89
10 9.988831000 183 65
11 9.988831000 188 43
12 9.988831000 181 46
0 9.998831000 122 14
1 9.998831000 189 108
2 9.998831000 114 115
3 9.998831000 32 88
4 9.998831000 98 97
5 9.998831000 11 77
6 9.998831000 109 6
7 9.998831000 24 17
8 9.998831000 92 120
9 9.998831000 8 87
10 9.998831000 183 67
11 9.998831000 189 47
12 9.998831000 184 47
0 10.008831000 124 14
1 10.008831000 188 111
2 10.008831000 114 115
3 10.008831000 32 86
4 10.008831000 98 97
5 10.008831000 10 74
6 10.008831000 110 5
7 10.008831000 26 14
8 10.008831000 91 120
9 10.008831000 6 85
10 10.008831000 185 69
11 10.008831000 191 48
12 10.008831000 184 49
0 10.018831000 126 15
1 10.018831000 188 112
2 10.018831000 114 114
3 10.018831000 32 83
4 10.018831000 97 97
5 10.018831000 11 72
6 10.018831000 113 5
7 10.018831000 27 12
8 10.018831000 90 120
9 10.018831000 8 81
10 10.018831000 184 71
11 10.018831000 191 50
12 10.018831000 185 51
0 10.028831000 128 15
1 10.028831000 186 114
2 10.028831000 113 114
3 10.028831000 31 81
4 10.028831000 97 96
5 10.028831000 11 69
6 10.028831000 116 6
7 10.028831000 29 9
8 10.028831000 89 119
9 10.028831000 7 79
10 10.028831000 186 72
11 10.028831000 193 52
12 10.028831000 187 52
0 10.038831000 129 16
1 10.038831000 187 115
2 10.038831000 112 114
3 10.038831000 32 79
4 10.038831000 97 95
5 10.038831000 11 67
6 10.038831000 117 6
7 10.038831000 30 8
8 10.038831000 88 118
9 10.038831000 8 77
10 10.038831000 185 74
11 10.038831000 193 54
12 10.038831000 187 54
0 10.048831000 130 16
1 10.048831000 185 117
2 10.048831000 112 114
3 10.048831000 32 78
4 10.048831000 97 95
5 10.048831000 11 64
6 10.048831000 118 5
7 10.048831000 32 6
8 10.048831000 87 118
9 10.048831000 7 73
10 10.048831000 185 75
11 10.048831000 193 56
12 10.048831000 186 56
0 10.058831000 132 15
1 10.058831000 185 118
2 10.058831000 111 114
3 10.058831000 32 76
4 10.058831000 97 94
5 10.058831000 12 63
6 10.058831000 119 5
7 10.058831000 34 3
8 10.058831000 87 117
9 10.058831000 7 71
10 10.058831000 185 76
11 10.058831000 193 57
12 10.058831000 188 57
0 10.068831000 133 15
1 10.068831000 185 119
2 10.068831000 111 114
3 10.068831000 32 74
4 10.068831000 97 94
5 10.068831000 11 61
6 10.068831000 121 4
7 10.068831000 35 3
8 10.068831000 87 116
9 10.068831000 7 68
10 10.068831000 186 77
11 10.068831000 194 58
12 10.068831000 187 58
0 10.078831000 134 15
1 10.078831000 185 119
2 10.078831000 110 114
3 10.078831000 33 72
4 10.078831000 96 94
5 10.078831000 13 58
6 10.078831000 123 5
7 10.078831000 36 0
8 10.078831000 87 115
9 10.078831000 8 67
10 10.078831000 187 77
11 10.078831000 195 59
12 10.078831000 189 58
0 10.088831000 136 16
1 10.088831000 184 121
2 10.088831000 110 114
3 10.088831000 33 71
4 10.088831000 96 94
5 10.088831000 13 56
6 10.088831000 125 4
7 10.088831000 38 -1
8 10.088831000 86 115
9 10.088831000 8 65
10 10.088831000 187 79
11 10.088831000 196 60
12 10.088831000 189 59
0 10.098831000 138 15
1 10.098831000 184 121
2 10.098831000 110 113
3 10.098831000 33 69
4 10.098831000 96 93
5 10.098831000 13 54
6 10.098831000 127 5
7 10.098831000 39 -1
8 10.098831000 85 114
9 10.098831000 9 62
10 10.098831000 186 80
11 10.098831000 196 61
12 10.098831000 190 61
0 10.108831000 139 17
1 10.108831000 183 123
2 10.108831000 110 113
3 10.108831000 33 68
4 10.108831000 96 93
5 10.108831000 14 52
6 10.108831000 127 4
7 10.108831000 41 -2
8 10.108831000 85 114
9 10.108831000 10 60
10 10.108831000 188 81
11 10.108831000 196 62
12 10.108831000 190 62
0 10.118831000 140 16
1 10.118831000 182 123
2 10.118831000 109 113
3 10.118831000 33 66
4 10.118831000 96 93
5 10.118831000 14 51
6 10.118831000 129 6
7 10.118831000 43 -4
8 10.118831000 85 113
9 10.118831000 10 59
10 10.118831000 187 82
11 10.118831000 198 64
12 10.118831000 192 64
0 10.128831000 141 17
1 10.128831000 182 126
2 10.128831000 108 113
3 10.128831000 34 65
4 10.128831000 96 91
5 10.128831000 14 49
6 10.128831000 130 5
7 10.128831000 42 -4
8 10.128831000 85 112
9 10.128831000 9 58
10 10.128831000 187 84
11 10.128831000 198 66
12 10.128831000 191 65
0 10.138831000 143 17
1 10.138831000 181 126
2 10.138831000 108 113
3 10.138831000 34 63
4 10.138831000 96 91
5 10.138831000 16 47
6 10.138831000 132 5
7 10.138831000 43 -4
8 10.138831000 84 111
9 10.138831000 11 55
10 10.138831000 187 85
11 10.138831000 198 68
12 10.138831000 192 67
0 10.148831000 144 18
1 10.148831000 180 128
2 10.148831000 108 113
3 10.148831000 35 61
4 10.148831000 96 90
5 10.148831000 16 44
6 10.148831000 134 5
7 10.148831000 44 -5
8 10.148831000 83 111
9 10.148831000 10 53
10 10.148831000 188 86
11 10.148831000 198 70
12 10.148831000 192 69
0 10.158831000 146 19
1 10.158831000 179 128
2 10.158831000 108 112
3 10.158831000 35 60
4 10.158831000 96 90
5 10.158831000 17 43
6 10.158831000 136 6
7 10.158831000 44 -5
8 10.158831000 83 111
9 10.158831000 13 51
10 10.158831000 188 88
11 10.158831000 199 72
12 10.158831000 193 70
0 10.168831000 147 19
1 10.168831000 178 130
2 10.168831000 108 111
3 10.168831000 36 58
4 10.168831000 96 90
5 10.168831000 17 41
6 10.168831000 137 6
7 10.168831000 45 -5
8 10.168831000 83 110
9 10.168831000 12 49
10 10.168831000 188 90
11 10.168831000 199 74
12 10.168831000 192 72
0 10.178831000 149 20
1 10.178831000 178 131
2 10.178831000 107 111
3 10.178831000 36 56
4 10.178831000 96 90
5 10.178831000 19 38
6 10.178831000 139 6
7 10.178831000 45 -5
8 10.178831000 83 109
9 10.178831000 13 46
10 10.178831000 187 90
11 10.178831000 200 75
12 10.178831000 193 73
0 10.188831000 150 21
1 10.188831000 176 131
2 10.188831000 106 112
3 10.188831000 36 54
4 10.188831000 97 89
5 10.188831000 20 37
6 10.188831000 141 7
7 10.188831000 45 -5
8 10.188831000 82 109
9 10.188831000 14 44
10 10.188831000 187 93
11 10.188831000 200 77
12 10.188831000 193 74
0 10.198831000 151 22
1 10.198831000 175 133
2 10.198831000 106 111
3 10.198831000 38 52
4 10.198831000 96 89
5 10.198831000 20 34
6 10.198831000 143 7
7 10.198831000 46 -4
8 10.198831000 82 108
9 10.198831000 15 43
10 10.198831000 186 94
11 10.198831000 201 79
12 10.198831000 193 75
0 10.208831000 153 21
1 10.208831000 174 135
2 10.208831000 105 111
3 10.208831000 38 51
4 10.208831000 96 88
5 10.208831000 22 33
6 10.208831000 144 8
7 10.208831000 47 -4
8 10.208831000 81 108
9 10.208831000 15 41
10 10.208831000 186 96
11 10.208831000 201 80
12 10.208831000 193 77
0 10.218831000 154 23
1 10.218831000 174 135
2 10.218831000 105 110
3 10.218831000 39 50
4 10.218831000 95 89
5 10.218831000 23 30
6 10.218831000 145 9
7 10.218831000 49 -4
8 10.218831000 81 106
9 10.218831000 15 39
10 10.218831000 188 97
11 10.218831000 203 83
12 10.218831000 194 79
0 10.228831000 155 24
1 10.228831000 173 136
2 10.228831000 103 111
3 10.228831000 39 49
4 10.228831000 97 88
5 10.228831000 23 30
6 10.228831000 147 8
7 10.228831000 50 -5
8 10.228831000 79 106
9 10.228831000 17 37
10 10.228831000 186 98
11 10.228831000 203 84
12 10.228831000 195 79
0 10.238831000 156 25
1 10.238831000 172 138
2 10.238831000 104 110
3 10.238831000 39 48
4 10.238831000 97 87
5 10.238831000 25 27
6 10.238831000 148 10
7 10.238831000 52 -5
8 10.238831000 79 105
9 10.238831000 18 35
10 10.238831000 186 100
11 10.238831000 203 86
12 10.238831000 194 83
0 10.248831000 157 26
1 10.248831000 172 139
2 10.248831000 103 110
3 10.248831000 40 46
4 10.248831000 96 88
5 10.248831000 25 27
6 10.248831000 149 11
7 10.248831000 53 -5
8 10.248831000 79 105
9 10.248831000 18 34
10 10.248831000 187 101
11 10.248831000 203 87
12 10.248831000 193 83
0 10.258831000 158 26
1 10.258831000 171 141
2 10.258831000 103 110
3 10.258831000 41 45
4 10.258831000 97 87
5 10.258831000 26 25
6 10.258831000 151 11
7 10.258831000 55 -7
8 10.258831000 78 104
9 10.258831000 19 33
10 10.258831000 186 102
11 10.258831000 204 89
12 10.258831000 194 84
0 10.268831000 159 28
1 10.268831000 171 141
2 10.268831000 104 110
3 10.268831000 42 44
4 10.268831000 96 88
5 10.268831000 28 23
6 10.268831000 152 12
7 10.268831000 56 -8
8 10.268831000 78 104
9 10.268831000 21 31
10 10.268831000 187 103
11 10.268831000 205 91
12 10.268831000 193 86
0 10.278831000 160 28
1 10.278831000 170 142
2 10.278831000 102 110
3 10.278831000 43 43
4 10.278831000 98 87
5 10.278831000 29 23
6 10.278831000 153 13
7 10.278831000 56 -9
8 10.278831000 78 104
9 10.278831000 21 29
10 10.278831000 186 104
11 10.278831000 204 92
12 10.278831000 194 86
0 10.288831000 161 28
1 10.288831000 169 144
2 10.288831000 103 110
3 10.288831000 43 42
4 10.288831000 97 87
5 10.288831000 30 21
6 10.288831000 154 13
7 10.288831000 57 -10
8 10.288831000 78 103
9 10.288831000 22 28
10 10.288831000 186 106
11 10.288831000 205 94
12 10.288831000 193 88
0 10.298831000 162 30
1 10.298831000 169 144
2 10.298831000 103 110
3 10.298831000 44 41
4 10.298831000 97 87
5 10.298831000 31 20
6 10.298831000 155 14
7 10.298831000 57 -11
8 10.298831000 78 103
9 10.298831000 22 27
10 10.298831000 186 107
11 10.298831000 204 95
12 10.298831000 194 89
0 10.308831000 164 30
1 10.308831000 168 144
2 10.308831000 102 110
3 10.308831000 44 39
4 10.308831000 98 85
5 10.308831000 32 18
6 10.308831000 157 14
7 10.308831000 58 -12
8 10.308831000 78 101
9 10.308831000 24 25
10 10.308831000 186 108
11 10.308831000 205 96
12 10.308831000 193 90
0 10.318831000 164 31
1 10.318831000 167 145
2 10.318831000 102 110
3 10.318831000 45 38
4 10.318831000 97 85
5 10.318831000 33 17
6 10.318831000 159 15
7 10.318831000 58 -13
8 10.318831000 78 102
9 10.318831000 25 23
10 10.318831000 185 110
11 10.318831000 204 97
12 10.318831000 193 92
0 10.328831000 165 32
1 10.328831000 166 147
2 10.328831000 102 109
3 10.328831000 47 37
4 10.328831000 97 86
5 10.328831000 34 16
6 10.328831000 160 16
7 10.328831000 59 -13
8 10.328831000 78 101
9 10.328831000 25 22
10 10.328831000 185 110
11 10.328831000 205 98
12 10.328831000 194 93
0 10.338831000 166 32
1 10.338831000 165 147
2 10.338831000 101 109
3 10.338831000 47 36
4 10.338831000 97 85
5 10.338831000 36 13
6 10.338831000 161 17
7 10.338831000 59 -14
8 10.338831000 78 100
9 10.338831000 27 20
10 10.338831000 184 111
11 10.338831000 204 100
12 10.338831000 193 95
0 10.348831000 167 34
1 10.348831000 165 149
2 10.348831000 101 108
3 10.348831000 49 36
4 10.348831000 97 85
5 10.348831000 37 13
6 10.348831000 162 19
7 10.348831000 59 -15
8 10.348831000 77 100
9 10.348831000 28 19
10 10.348831000 184 113
11 10.348831000 205 102
12 10.348831000 194 97
0 10.358831000 168 36
1 10.358831000 164 149
2 10.358831000 101 109
3 10.358831000 50 34
4 10.358831000 98 85
5 10.358831000 38 12
6 10.358831000 164 19
7 10.358831000 60 -16
8 10.358831000 77 100
9 10.358831000 29 18
10 10.358831000 184 115
11 10.358831000 202 103
12 10.358831000 193 97
0 10.368831000 169 37
1 10.368831000 163 151
2 10.368831000 101 110
3 10.368831000 50 33
4 10.368831000 98 85
5 10.368831000 40 11
6 10.368831000 165 21
7 10.368831000 60 -17
8 10.368831000 77 99
9 10.368831000 31 16
10 10.368831000 185 116
11 10.368831000 204 105
12 10.368831000 193 98
0 10.378831000 169 37
1 10.378831000 162 151
2 10.378831000 100 110
3 10.378831000 52 33
4 10.378831000 97 85
5 10.378831000 41 10
6 10.378831000 166 22
7 10.378831000 60 -18
8 10.378831000 76 99
9 10.378831000 32 15
10 10.378831000 185 117
11 10.378831000 203 107
12 10.378831000 193 101
0 10.388831000 170 38
1 10.388831000 161 153
2 10.388831000 100 109
3 10.388831000 52 32
4 10.388831000 99 86
5 10.388831000 42 8
6 10.388831000 167 23
7 10.388831000 60 -19
8 10.388831000 76 99
9 10.388831000 33 14
10 10.388831000 184 119
11 10.388831000 202 108
12 10.388831000 193 103
0 10.398831000 171 40
1 10.398831000 160 153
2 10.398831000 100 108
3 10.398831000 54 31
4 10.398831000 96 85
5 10.398831000 43 8
6 10.398831000 168 24
7 10.398831000 60 -20
8 10.398831000 76 98
9 10.398831000 34 12
10 10.398831000 184 120
11 10.398831000 202 110
12 10.398831000 193 103
0 10.408831000 172 40
1 10.408831000 158 153
2 10.408831000 100 109
3 10.408831000 54 30
4 10.408831000 98 83
5 10.408831000 46 7
6 10.408831000 168 26
7 10.408831000 60 -21
8 10.408831000 77 98
9 10.408831000 36 11
10 10.408831000 183 121
11 10.408831000 202 111
12 10.408831000 192 106
0 10.418831000 172 41
1 10.418831000 157 155
2 10.418831000 100 108
3 10.418831000 56 28
4 10.418831000 97 82
5 10.418831000 47 5
6 10.418831000 169 26
7 10.418831000 60 -22
8 10.418831000 76 97
9 10.418831000 36 9
10 10.418831000 181 122
11 10.418831000 199 111
12 10.418831000 191 106
0 10.428831000 173 43
1 10.428831000 155 154
2 10.428831000 97 107
3 10.428831000 55 26
4 10.428831000 98 81
5 10.428831000 49 3
6 10.428831000 171 26
7 10.428831000 60 -23
8 10.428831000 75 96
9 10.428831000 38 7
10 10.428831000 181 123
11 10.428831000 198 112
12 10.428831000 190 108
0 10.438831000 174 44
1 10.438831000 154 154
2 10.438831000 98 106
3 10.438831000 58 26
4 10.438831000 98 80
5 10.438831000 49 2
6 10.438831000 171 27
7 10.438831000 60 -24
8 10.438831000 74 94
9 10.438831000 40 4
10 10.438831000 180 124
11 10.438831000 197 113
12 10.438831000 191 108
0 10.448831000 175 44
1 10.448831000 153 156
2 10.448831000 98 106
3 10.448831000 59 23
4 10.448831000 98 80
5 10.448831000 51 1
6 10.448831000 173 28
7 10.448831000 60 -25
8 10.448831000 75 92
9 10.448831000 41 3
10 10.448831000 179 125
11 10.448831000 196 114
12 10.448831000 190 111
0 10.458831000 176 46
1 10.458831000 152 156
2 10.458831000 98 106
3 10.458831000 60 23
4 10.458831000 100 80
5 10.458831000 53 0
6 10.458831000 175 29
7 10.458831000 60 -26
8 10.458831000 74 92
9 10.458831000 43 1
10 10.458831000 179 127
11 10.458831000 196 116
12 10.458831000 189 111
0 10.468831000 177 48
1 10.468831000 150 157
2 10.468831000 96 107
3 10.468831000 62 22
4 10.468831000 99 80
5 10.468831000 55 0
6 10.468831000 176 31
7 10.468831000 60 -27
8 10.468831000 75 90
9 10.468831000 45 0
10 10.468831000 178 129
11 10.468831000 195 117
12 10.468831000 189 113
0 10.478831000 177 48
1 10.478831000 149 158
2 10.478831000 96 105
3 10.478831000 63 21
4 10.478831000 99 80
5 10.478831000 56 0
6 10.478831000 177 31
7 10.478831000 59 -28
8 10.478831000 74 91
9 10.478831000 47 -1
10 10.478831000 178 131
11 10.478831000 192 118
12 10.478831000 188 115
0 10.488831000 178 50
1 10.488831000 147 159
2 10.488831000 96 105
3 10.488831000 64 20
4 10.488831000 99 80
5 10.488831000 59 -1
6 10.488831000 179 34
7 10.488831000 59 -29
8 10.488831000 74 90
9 10.488831000 47 -2
10 10.488831000 178 132
11 10.488831000 192 119
12 10.488831000 188 116
0 10.498831000 178 51
1 10.498831000 146 159
2 10.498831000 96 106
3 10.498831000 66 19
4 10.498831000 99 80
5 10.498831000 60 -2
6 10.498831000 179 35
7 10.498831000 59 -30
8 10.498831000 73 89
9 10.498831000 50 -4
10 10.498831000 176 132
11 10.498831000 191 120
12 10.498831000 187 118
0 10.508831000 178 53
1 10.508831000 145 159
2 10.508831000 96 105
3 10.508831000 67 18
4 10.508831000 100 79
5 10.508831000 61 -3
6 10.508831000 181 36
7 10.508831000 59 -31
8 10.508831000 74 88
9 10.508831000 51 -6
10 10.508831000 176 135
11 10.508831000 191 121
12 10.508831000 187 119
0 10.518831000 179 53
1 10.518831000 144 160
2 10.518831000 96 105
3 10.518831000 67 17
4 10.518831000 100 79
5 10.518831000 62 -3
6 10.518831000 182 37
7 10.518831000 59 -32
8 10.518831000 73 87
9 10.518831000 54 -6
10 10.518831000 175 135
11 10.518831000 190 122
12 10.518831000 185 120
0 10.528831000 180 54
1 10.528831000 142 160
2 10.528831000 96 104
3 10.528831000 69 17
4 10.528831000 100 78
5 10.528831000 64 -4
6 10.528831000 182 37
7 10.528831000 59 -33
8 10.528831000 75 87
9 10.528831000 55 -7
10 10.528831000 175 136
11 10.528831000 190 122
12 10.528831000 185 121
0 10.538831000 180 56
1 10.538831000 142 160
2 10.538831000 96 104
3 10.538831000 70 16
4 10.538831000 100 79
5 10.538831000 66 -5
6 10.538831000 183 39
7 10.538831000 59 -34
8 10.538831000 74 87
9 10.538831000 57 -8
10 10.538831000 173 136
11 10.538831000 189 124
12 10.538831000 185 121
0 10.548831000 181 55
1 10.548831000 141 161
2 10.548831000 95 104
3 10.548831000 72 16
4 10.548831000 100 78
5 10.548831000 68 -4
6 10.548831000 184 40
7 10.548831000 58 -35
8 10.548831000 74 86
9 10.548831000 58 -9
10 10.548831000 173 138
11 10.548831000 189 125
12 10.548831000 186 121
0 10.558831000 181 56
1 10.558831000 140 160
2 10.558831000 94 104
3 10.558831000 72 16
4 10.558831000 100 78
5 10.558831000 70 -5
6 10.558831000 184 41
7 10.558831000 58 -36
8 10.558831000 74 85
9 10.558831000 59 -10
10 10.558831000 172 138
11 10.558831000 189 126
12 10.558831000 184 124
0 10.568831000 181 57
1 10.568831000 139 161
2 10.568831000 95 104
3 10.568831000 73 14
4 10.568831000 101 77
5 10.568831000 72 -5
6 10.568831000 186 41
7 10.568831000 58 -37
8 10.568831000 73 83
9 10.568831000 59 -12
10 10.568831000 172 137
11 10.568831000 188 126
12 10.568831000 184 123
0 10.578831000 183 58
1 10.578831000 136 160
2 10.578831000 95 103
3 10.578831000 73 12
4 10.578831000 99 78
5 10.578831000 74 -6
6 10.578831000 185 41
7 10.578831000 58 -38
8 10.578831000 74 84
9 10.578831000 60 -14
10 10.578831000 170 139
11 10.578831000 187 128
12 10.578831000 183 125
0 10.588831000 184 59
1 10.588831000 136 161
2 10.588831000 94 103
3 10.588831000 74 13
4 10.588831000 97 79
5 10.588831000 75 -6
6 10.588831000 186 43
7 10.588831000 57 -39
8 10.588831000 74 83
9 10.588831000 61 -14
10 10.588831000 170 140
11 10.588831000 186 128
12 10.588831000 182 125
0 10.598831000 185 59
1 10.598831000 136 162
2 10.598831000 93 102
3 10.598831000 75 12
4 10.598831000 99 78
5 10.598831000 76 -6
6 10.598831000 186 44
7 10.598831000 57 -40
8 10.598831000 74 82
9 10.598831000 61 -15
10 10.598831000 170 141
11 10.598831000 185 129
12 10.598831000 182 127
0 10.608831000 185 61
1 10.608831000 135 162
2 10.608831000 93 102
3 10.608831000 75 11
4 10.608831000 101 78
5 10.608831000 78 -6
6 10.608831000 188 45
7 10.608831000 57 -41
8 10.608831000 73 83
9 10.608831000 62 -16
10 10.608831000 169 143
11 10.608831000 185 130
12 10.608831000 181 128
0 10.618831000 187 61
1 10.618831000 134 163
2 10.618831000 93 102
3 10.618831000 76 11
4 10.618831000 100 77
5 10.618831000 79 -5
6 10.618831000 187 47
7 10.618831000 57 -42
8 10.618831000 73 82
9 10.618831000 62 -16
10 10.618831000 168 144
11 10.618831000 184 131
12 10.618831000 182 129
0 10.628831000 187 63
1 10.628831000 132 164
2 10.628831000 93 102
3 10.628831000 77 10
4 10.628831000 99 78
5 10.628831000 80 -5
6 10.628831000 188 47
7 10.628831000 56 -43
8 10.628831000 73 81
9 10.628831000 62 -17
10 10.628831000 168 145
11 10.628831000 183 132
12 10.628831000 179 130
0 10.638831000 188 63
1 10.638831000 132 164
2 10.638831000 92 102
3 10.638831000 77 11
4 10.638831000 101 79
5 10.638831000 81 -5
6 10.638831000 189 48
7 10.638831000 56 -44
8 10.638831000 72 80
9 10.638831000 62 -18
10 10.638831000 168 147
11 10.638831000 183 133
12 10.638831000 180 131
0 10.648831000 188 64
1 10.648831000 131 165
2 10.648831000 91 101
3 10.648831000 77 10
4 10.648831000 102 78
5 10.648831000 81 -4
6 10.648831000 189 49
7 10.648831000 56 -45
8 10.648831000 71 79
9 10.648831000 62 -19
10 10.648831000 167 147
11 10.648831000 183 134
12 10.648831000 179 131
0 10.658831000 189 64
1 10.658831000 131 165
2 10.658831000 91 102
3 10.658831000 78 10
4 10.658831000 102 79
5 10.658831000 83 -5
6 10.658831000 189 51
7 10.658831000 55 -45
8 10.658831000 71 79
9 10.658831000 62 -20
10 10.658831000 167 146
11 10.658831000 183 135
12 10.658831000 179 133
0 10.668831000 189 64
1 10.668831000 130 165
2 10.668831000 92 103
3 10.668831000 78 10
4 10.668831000 102 78
5 10.668831000 83 -4
6 10.668831000 189 51
7 10.668831000 55 -46
8 10.668831000 70 79
9 10.668831000 62 -21
10 10.668831000 167 148
11 10.668831000 183 135
12 10.668831000 180 133
0 10.678831000 189 65
1 10.678831000 130 165
2 10.678831000 93 103
3 10.678831000 79 10
4 10.678831000 103 80
5 10.678831000 83 -5
6 10.678831000 188 51
7 10.678831000 55 -47
8 10.678831000 70 79
9 10.678831000 62 -22
10 10.678831000 166 146
11 10.678831000 183 135
12 10.678831000 178 133
0 10.688831000 189 65
1 10.688831000 131 166
2 10.688831000 93 103
3 10.688831000 79 11
4 10.688831000 103 79
5 10.688831000 84 -5
6 10.688831000 190 51
7 10.688831000 54 -48
8 10.688831000 70 77
9 10.688831000 62 -23
10 10.688831000 166 147
11 10.688831000 183 137
12 10.688831000 178 134
0 10.698831000 190 66
1 10.698831000 131 166
2 10.698831000 93 103
3 10.698831000 81 11
4 10.698831000 104 79
5 10.698831000 84 -5
6 10.698831000 190 53
7 10.698831000 54 -49
8 10.698831000 70 75
9 10.698831000 62 -24
10 10.698831000 167 148
11 10.698831000 184 136
12 10.698831000 177 135
0 10.708831000 191 67
1 10.708831000 131 166
2 10.708831000 93 103
3 10.708831000 81 12
4 10.708831000 103 80
5 10.708831000 85 -6
6 10.708831000 191 53
7 10.708831000 54 -50
8 10.708831000 70 75
9 10.708831000 62 -25
10 10.708831000 166 147
11 10.708831000 183 138
12 10.708831000 179 135
0 10.718831000 191 67
1 10.718831000 132 168
2 10.718831000 93 104
3 10.718831000 80 12
4 10.718831000 103 80
5 10.718831000 85 -5
6 10.718831000 192 53
7 10.718831000 53 -50
8 10.718831000 70 75
9 10.718831000 62 -26
10 10.718831000 166 149
11 10.718831000 184 137
12 10.718831000 179 136
0 10.728831000 191 68
1 10.728831000 131 168
2 10.728831000 94 104
3 10.728831000 81 13
4 10.728831000 103 81
5 10.728831000 86 -6
6 10.728831000 191 54
7 10.728831000 53 -51
8 10.728831000 70 75
9 10.728831000 62 -27
10 10.728831000 167 149
11 10.728831000 183 139
12 10.728831000 180 136
0 10.738831000 191 68
1 10.738831000 132 168
2 10.738831000 94 104
3 10.738831000 81 13
4 10.738831000 104 82
5 10.738831000 86 -5
6 10.738831000 192 55
7 10.738831000 53 -52
8 10.738831000 70 74
9 10.738831000 62 -27
10 10.738831000 168 147
11 10.738831000 184 139
12 10.738831000 179 136
0 10.748831000 192 68
1 10.748831000 132 170
2 10.748831000 93 105
3 10.748831000 81 14
4 10.748831000 105 82
5 10.748831000 86 -5
6 10.748831000 192 56
7 10.748831000 52 -53
8 10.748831000 70 74
9 10.748831000 62 -28
10 10.748831000 168 149
11 10.748831000 185 138
12 10.748831000 181 136
0 10.758831000 191 68
1 10.758831000 132 167
2 10.758831000 93 106
3 10.758831000 81 15
4 10.758831000 104 84
5 10.758831000 86 -4
6 10.758831000 191 55
7 10.758831000 52 -53
8 10.758831000 69 73
9 10.758831000 61 -29
10 10.758831000 168 149
11 10.758831000 185 138
12 10.758831000 182 136
0 10.768831000 192 68
1 10.768831000 134 169
2 10.768831000 94 106
3 10.768831000 81 16
4 10.768831000 106 83
5 10.768831000 87 -5
6 10.768831000 192 54
7 10.768831000 52 -54
8 10.768831000 69 72
9 10.768831000 61 -30
10 10.768831000 169 150
11 10.768831000 185 138
12 10.768831000 183 135
0 10.778831000 192 67
1 10.778831000 134 169
2 10.778831000 94 106
3 10.778831000 79 16
4 10.778831000 106 83
5 10.778831000 87 -4
6 10.778831000 193 55
7 10.778831000 51 -55
8 10.778831000 68 71
9 10.778831000 61 -31
10 10.778831000 168 148
11 10.778831000 185 137
12 10.778831000 182 137
0 10.788831000 191 67
1 10.788831000 134 169
2 10.788831000 95 105
3 10.788831000 80 17
4 10.788831000 106 83
5 10.788831000 88 -4
6 10.788831000 193 54
7 10.788831000 51 -56
8 10.788831000 67 70
9 10.788831000 60 -32
10 10.788831000 169 148
11 10.788831000 186 137
12 10.788831000 183 135
0 10.798831000 191 67
1 10.798831000 135 169
2 10.798831000 95 108
3 10.798831000 80 16
4 10.798831000 106 84
5 10.798831000 88 -4
6 10.798831000 192 54
7 10.798831000 51 -57
8 10.798831000 66 69
9 10.798831000 60 -32
10 10.798831000 169 148
11 10.798831000 187 138
12 10.798831000 185 137
0 10.808831000 192 67
1 10.808831000 136 169
2 10.808831000 95 108
3 10.808831000 80 18
4 10.808831000 105 85
5 10.808831000 89 -5
6 10.808831000 191 52
7 10.808831000 50 -57
8 10.808831000 65 68
9 10.808831000 60 -33
10 10.808831000 169 148
11 10.808831000 187 138
12 10.808831000 184 135
0 10.818831000 192 68
1 10.818831000 137 170
2 10.818831000 95 108
3 10.818831000 78 19
4 10.818831000 106 86
5 10.818831000 90 -4
6 10.818831000 189 51
7 10.818831000 50 -58
8 10.818831000 64 67
9 10.818831000 59 -34
10 10.818831000 170 149
11 10.818831000 187 137
12 10.818831000 184 135
