0 0.368307001 139 56
1 0.368307001 202 145
2 0.368307001 128 150
3 0.368307001 113 133
4 0.368307001 127 47
5 0.368307001 47 54
6 0.368307001 49 126
7 0.368307001 30 110
8 0.368307001 106 155
9 0.368307001 28 129
10 0.368307001 196 105
11 0.368307001 196 88
0 0.378307001 138 55
1 0.378307001 201 144
2 0.378307001 127 149
3 0.378307001 112 132
4 0.378307001 126 46
5 0.378307001 46 53
6 0.378307001 48 125
7 0.378307001 29 109
8 0.378307001 105 154
9 0.378307001 27 128
10 0.378307001 195 104
11 0.378307001 195 87
0 0.388307001 138 55
1 0.388307001 201 144
2 0.388307001 127 148
3 0.388307001 112 132
4 0.388307001 126 47
5 0.388307001 45 52
6 0.388307001 47 125
7 0.388307001 28 109
8 0.388307001 104 153
9 0.388307001 25 127
10 0.388307001 194 102
11 0.388307001 194 87
0 0.398307001 138 55
1 0.398307001 202 144
2 0.398307001 126 150
3 0.398307001 111 133
4 0.398307001 126 46
5 0.398307001 45 52
6 0.398307001 47 124
7 0.398307001 28 109
8 0.398307001 104 154
9 0.398307001 24 125
10 0.398307001 195 103
11 0.398307001 194 86
0 0.408307001 138 54
1 0.408307001 201 145
2 0.408307001 127 149
3 0.408307001 111 133
4 0.408307001 126 46
5 0.408307001 46 53
6 0.408307001 47 125
7 0.408307001 28 109
8 0.408307001 104 155
9 0.408307001 25 125
10 0.408307001 196 104
11 0.408307001 194 86
0 0.418307001 138 54
1 0.418307001 201 144
2 0.418307001 127 150
3 0.418307001 111 132
4 0.418307001 126 45
5 0.418307001 46 53
6 0.418307001 48 124
7 0.418307001 28 108
8 0.418307001 104 154
9 0.418307001 25 126
10 0.418307001 195 102
11 0.418307001 194 85
0 0.428307001 137 54
1 0.428307001 200 144
2 0.428307001 126 149
3 0.428307001 111 132
4 0.428307001 126 46
5 0.428307001 45 52
6 0.428307001 48 124
7 0.428307001 28 108
8 0.428307001 104 154
9 0.428307001 24 126
10 0.428307001 195 102
11 0.428307001 194 85
0 0.438307001 137 53
1 0.438307001 200 144
2 0.438307001 125 150
3 0.438307001 111 131
4 0.438307001 125 45
5 0.438307001 45 51
6 0.438307001 48 124
7 0.438307001 28 110
8 0.438307001 104 153
9 0.438307001 25 125
10 0.438307001 195 103
11 0.438307001 193 86
0 0.448307001 137 53
1 0.448307001 201 144
2 0.448307001 125 149
3 0.448307001 110 131
4 0.448307001 124 45
5 0.448307001 44 50
6 0.448307001 46 124
7 0.448307001 28 109
8 0.448307001 103 154
9 0.448307001 24 127
10 0.448307001 194 102
11 0.448307001 192 86
0 0.458307001 137 54
1 0.458307001 202 145
2 0.458307001 127 149
3 0.458307001 110 131
4 0.458307001 124 45
5 0.458307001 45 52
6 0.458307001 47 124
7 0.458307001 27 109
8 0.458307001 103 154
9 0.458307001 25 128
10 0.458307001 194 104
11 0.458307001 192 87
0 0.468307001 137 55
1 0.468307001 201 144
2 0.468307001 126 149
3 0.468307001 110 131
4 0.468307001 124 45
5 0.468307001 44 52
6 0.468307001 46 125
7 0.468307001 27 109
8 0.468307001 103 154
9 0.468307001 24 128
10 0.468307001 194 103
11 0.468307001 192 86
0 0.478307001 136 55
1 0.478307001 200 142
2 0.478307001 125 148
3 0.478307001 110 130
4 0.478307001 124 46
5 0.478307001 44 52
6 0.478307001 46 125
7 0.478307001 27 110
8 0.478307001 102 153
9 0.478307001 24 128
10 0.478307001 193 104
11 0.478307001 191 86
0 0.488307001 136 54
1 0.488307001 199 144
2 0.488307001 125 147
3 0.488307001 110 131
4 0.488307001 123 45
5 0.488307001 45 51
6 0.488307001 45 124
7 0.488307001 27 109
8 0.488307001 101 155
9 0.488307001 24 127
10 0.488307001 193 104
11 0.488307001 192 86
0 0.498307001 136 54
1 0.498307001 198 143
2 0.498307001 126 148
3 0.498307001 109 132
4 0.498307001 123 46
5 0.498307001 44 53
6 0.498307001 45 125
7 0.498307001 25 109
8 0.498307001 102 154
9 0.498307001 23 128
10 0.498307001 193 103
11 0.498307001 191 86
0 0.508307001 135 54
1 0.508307001 199 143
2 0.508307001 125 148
3 0.508307001 109 131
4 0.508307001 123 45
5 0.508307001 43 52
6 0.508307001 45 125
7 0.508307001 25 109
8 0.508307001 101 154
9 0.508307001 23 127
10 0.508307001 193 103
11 0.508307001 191 87
0 0.518307001 134 54
1 0.518307001 198 143
2 0.518307001 124 148
3 0.518307001 108 131
4 0.518307001 123 46
5 0.518307001 43 51
6 0.518307001 44 124
7 0.518307001 24 108
8 0.518307001 101 154
9 0.518307001 22 126
10 0.518307001 192 103
11 0.518307001 190 86
0 0.528307001 134 54
1 0.528307001 197 144
2 0.528307001 124 148
3 0.528307001 108 132
4 0.528307001 123 46
5 0.528307001 42 51
6 0.528307001 45 124
7 0.528307001 24 109
8 0.528307001 100 154
9 0.528307001 21 126
10 0.528307001 191 103
11 0.528307001 190 86
0 0.538307001 133 54
1 0.538307001 197 144
2 0.538307001 122 149
3 0.538307001 108 131
4 0.538307001 122 46
5 0.538307001 41 51
6 0.538307001 43 124
7 0.538307001 23 108
8 0.538307001 99 154
9 0.538307001 21 127
10 0.538307001 191 104
11 0.538307001 189 87
0 0.548307001 133 55
1 0.548307001 197 145
2 0.548307001 122 149
3 0.548307001 107 132
4 0.548307001 121 46
5 0.548307001 41 52
6 0.548307001 42 123
7 0.548307001 22 109
8 0.548307001 99 154
9 0.548307001 20 127
10 0.548307001 190 104
11 0.548307001 189 87
0 0.558307001 133 55
1 0.558307001 195 145
2 0.558307001 122 150
3 0.558307001 106 131
4 0.558307001 121 46
5 0.558307001 40 51
6 0.558307001 41 125
7 0.558307001 22 108
8 0.558307001 98 155
9 0.558307001 19 128
10 0.558307001 188 104
11 0.558307001 189 87
0 0.568307001 132 55
1 0.568307001 193 144
2 0.568307001 121 150
3 0.568307001 106 131
4 0.568307001 121 46
5 0.568307001 39 52
6 0.568307001 41 125
7 0.568307001 21 109
8 0.568307001 98 155
9 0.568307001 18 126
10 0.568307001 188 104
11 0.568307001 188 88
0 0.578307001 131 55
1 0.578307001 193 145
2 0.578307001 121 149
3 0.578307001 105 132
4 0.578307001 119 46
5 0.578307001 39 52
6 0.578307001 40 125
7 0.578307001 20 109
8 0.578307001 97 155
9 0.578307001 18 128
10 0.578307001 188 104
11 0.578307001 187 88
0 0.588307001 130 55
1 0.588307001 192 145
2 0.588307001 120 150
3 0.588307001 105 132
4 0.588307001 118 46
5 0.588307001 38 53
6 0.588307001 39 124
7 0.588307001 19 109
8 0.588307001 96 156
9 0.588307001 18 127
10 0.588307001 187 104
11 0.588307001 187 87
0 0.598307001 130 55
1 0.598307001 193 145
2 0.598307001 119 151
3 0.598307001 104 132
4 0.598307001 118 46
5 0.598307001 37 53
6 0.598307001 38 125
7 0.598307001 18 110
8 0.598307001 95 155
9 0.598307001 16 127
10 0.598307001 186 104
11 0.598307001 186 88
0 0.608307001 129 55
1 0.608307001 191 145
2 0.608307001 118 150
3 0.608307001 103 133
4 0.608307001 116 45
5 0.608307001 37 53
6 0.608307001 38 125
7 0.608307001 18 109
8 0.608307001 94 156
9 0.608307001 15 127
10 0.608307001 185 104
11 0.608307001 185 87
0 0.618307001 128 55
1 0.618307001 191 145
2 0.618307001 118 150
3 0.618307001 101 132
4 0.618307001 115 46
5 0.618307001 35 53
6 0.618307001 37 125
7 0.618307001 16 109
8 0.618307001 94 155
9 0.618307001 14 129
10 0.618307001 184 104
11 0.618307001 184 88
0 0.628307001 126 56
1 0.628307001 190 145
2 0.628307001 118 150
3 0.628307001 100 132
4 0.628307001 115 46
5 0.628307001 35 53
6 0.628307001 35 125
7 0.628307001 15 109
8 0.628307001 92 156
9 0.628307001 13 129
10 0.628307001 183 104
11 0.628307001 183 88
0 0.638307001 126 55
1 0.638307001 189 145
2 0.638307001 116 150
3 0.638307001 99 133
4 0.638307001 114 46
5 0.638307001 34 54
6 0.638307001 34 125
7 0.638307001 14 110
8 0.638307001 92 155
9 0.638307001 12 129
10 0.638307001 182 104
11 0.638307001 182 88
0 0.648307001 125 55
1 0.648307001 188 146
2 0.648307001 115 150
3 0.648307001 99 133
4 0.648307001 112 46
5 0.648307001 31 53
6 0.648307001 33 126
7 0.648307001 13 109
8 0.648307001 90 157
9 0.648307001 11 129
10 0.648307001 181 105
11 0.648307001 181 88
0 0.658307001 124 56
1 0.658307001 186 145
2 0.658307001 114 150
3 0.658307001 98 133
4 0.658307001 111 46
5 0.658307001 31 54
6 0.658307001 33 126
7 0.658307001 12 110
8 0.658307001 89 156
9 0.658307001 9 129
10 0.658307001 181 105
11 0.658307001 180 88
0 0.668307001 123 56
1 0.668307001 185 146
2 0.668307001 113 152
3 0.668307001 97 133
4 0.668307001 110 47
5 0.668307001 30 53
6 0.668307001 32 127
7 0.668307001 10 111
8 0.668307001 88 157
9 0.668307001 8 130
10 0.668307001 179 105
11 0.668307001 179 88
0 0.678307001 122 57
1 0.678307001 185 145
2 0.678307001 112 151
3 0.678307001 96 133
4 0.678307001 109 47
5 0.678307001 29 53
6 0.678307001 31 127
7 0.678307001 9 111
8 0.678307001 88 157
9 0.678307001 7 130
10 0.678307001 178 105
11 0.678307001 178 89
0 0.688307001 121 57
1 0.688307001 184 146
2 0.688307001 110 151
3 0.688307001 94 134
4 0.688307001 107 47
5 0.688307001 27 54
6 0.688307001 29 128
7 0.688307001 9 111
8 0.688307001 87 157
9 0.688307001 6 129
10 0.688307001 177 106
11 0.688307001 178 88
0 0.698307001 120 57
1 0.698307001 183 146
2 0.698307001 109 151
3 0.698307001 93 134
4 0.698307001 107 47
5 0.698307001 26 54
6 0.698307001 28 128
7 0.698307001 7 113
8 0.698307001 86 158
9 0.698307001 4 130
10 0.698307001 177 105
11 0.698307001 177 88
0 0.708307001 118 57
1 0.708307001 181 146
2 0.708307001 108 152
3 0.708307001 92 134
4 0.708307001 105 48
5 0.708307001 24 54
6 0.708307001 26 129
7 0.708307001 7 112
8 0.708307001 84 158
9 0.708307001 3 131
10 0.708307001 176 105
11 0.708307001 175 89
0 0.718307001 117 57
1 0.718307001 180 147
2 0.718307001 107 152
3 0.718307001 91 135
4 0.718307001 104 48
5 0.718307001 23 55
6 0.718307001 25 128
7 0.718307001 5 113
8 0.718307001 83 157
9 0.718307001 2 131
10 0.718307001 175 106
11 0.718307001 174 90
0 0.728307001 115 57
1 0.728307001 179 147
2 0.728307001 106 153
3 0.728307001 89 134
4 0.728307001 103 48
5 0.728307001 22 54
6 0.728307001 24 127
7 0.728307001 4 112
8 0.728307001 81 158
9 0.728307001 1 130
10 0.728307001 173 107
11 0.728307001 172 90
0 0.738307001 114 58
1 0.738307001 178 147
2 0.738307001 104 153
3 0.738307001 89 135
4 0.738307001 101 48
5 0.738307001 20 55
6 0.738307001 21 128
7 0.738307001 2 112
8 0.738307001 80 158
9 0.738307001 0 130
10 0.738307001 171 106
11 0.738307001 171 89
0 0.748307001 113 57
1 0.748307001 176 148
2 0.748307001 103 153
3 0.748307001 87 135
4 0.748307001 100 48
5 0.748307001 19 55
6 0.748307001 21 128
7 0.748307001 0 112
8 0.748307001 79 159
9 0.748307001 0 133
10 0.748307001 170 106
11 0.748307001 170 90
0 0.758307001 112 57
1 0.758307001 174 147
2 0.758307001 100 153
3 0.758307001 85 136
4 0.758307001 99 48
5 0.758307001 17 55
6 0.758307001 18 128
7 0.758307001 -1 112
8 0.758307001 78 159
9 0.758307001 0 132
10 0.758307001 168 107
11 0.758307001 168 91
0 0.768307001 111 57
1 0.768307001 173 147
2 0.768307001 100 153
3 0.768307001 84 136
4 0.768307001 98 48
5 0.768307001 16 55
6 0.768307001 17 128
7 0.768307001 -3 112
8 0.768307001 76 159
9 0.768307001 2 131
10 0.768307001 167 106
11 0.768307001 167 90
0 0.778307001 109 58
1 0.778307001 171 147
2 0.778307001 98 153
3 0.778307001 82 137
4 0.778307001 97 48
5 0.778307001 14 54
6 0.778307001 16 128
7 0.778307001 -3 112
8 0.778307001 74 159
9 0.778307001 3 131
10 0.778307001 165 107
11 0.778307001 165 90
0 0.788307001 107 58
1 0.788307001 171 148
2 0.788307001 96 153
3 0.788307001 81 135
4 0.788307001 96 48
5 0.788307001 12 54
6 0.788307001 14 128
7 0.788307001 -2 113
8 0.788307001 74 159
9 0.788307001 3 130
10 0.788307001 164 107
11 0.788307001 164 91
0 0.798307001 106 57
1 0.798307001 168 148
2 0.798307001 96 153
3 0.798307001 80 135
4 0.798307001 94 48
5 0.798307001 11 54
6 0.798307001 13 127
7 0.798307001 -2 113
8 0.798307001 72 158
9 0.798307001 0 130
10 0.798307001 164 108
11 0.798307001 163 91
0 0.808307001 105 58
1 0.808307001 168 148
2 0.808307001 94 154
3 0.808307001 78 136
4 0.808307001 93 48
5 0.808307001 10 53
6 0.808307001 10 129
7 0.808307001 -2 113
8 0.808307001 70 160
9 0.808307001 0 131
10 0.808307001 161 107
11 0.808307001 161 91
0 0.818307001 104 58
1 0.818307001 166 149
2 0.818307001 93 153
3 0.818307001 76 136
4 0.818307001 91 48
5 0.818307001 7 53
6 0.818307001 9 127
7 0.818307001 -3 112
8 0.818307001 68 158
9 0.818307001 -1 131
10 0.818307001 161 107
11 0.818307001 160 91
0 0.828307001 102 58
1 0.828307001 165 148
2 0.828307001 91 154
3 0.828307001 75 136
4 0.828307001 89 48
5 0.828307001 7 54
6 0.828307001 6 128
7 0.828307001 -4 112
8 0.828307001 66 159
9 0.828307001 -3 130
10 0.828307001 159 108
11 0.828307001 159 91
0 0.838307001 101 58
1 0.838307001 164 149
2 0.838307001 90 154
3 0.838307001 74 136
4 0.838307001 88 48
5 0.838307001 4 54
6 0.838307001 5 128
7 0.838307001 -4 112
8 0.838307001 66 159
9 0.838307001 -5 130
10 0.838307001 158 108
11 0.838307001 158 92
0 0.848307001 100 58
1 0.848307001 162 149
2 0.848307001 89 154
3 0.848307001 71 137
4 0.848307001 87 49
5 0.848307001 4 54
6 0.848307001 3 128
7 0.848307001 -5 112
8 0.848307001 62 159
9 0.848307001 -6 129
10 0.848307001 156 108
11 0.848307001 157 91
0 0.858307001 98 58
1 0.858307001 161 149
2 0.858307001 88 155
3 0.858307001 70 137
4 0.858307001 86 49
5 0.858307001 1 53
6 0.858307001 1 128
7 0.858307001 -5 112
8 0.858307001 61 160
9 0.858307001 -8 129
10 0.858307001 156 108
11 0.858307001 155 92
0 0.868307001 96 58
1 0.868307001 159 149
2 0.868307001 86 154
3 0.868307001 69 136
4 0.868307001 85 49
5 0.868307001 0 52
6 0.868307001 0 128
7 0.868307001 -7 112
8 0.868307001 60 160
9 0.868307001 -9 129
10 0.868307001 153 108
11 0.868307001 154 92
0 0.878307001 95 58
1 0.878307001 158 149
2 0.878307001 84 155
3 0.878307001 68 136
4 0.878307001 83 49
5 0.878307001 0 52
6 0.878307001 -1 127
7 0.878307001 -8 112
8 0.878307001 59 161
9 0.878307001 -11 129
10 0.878307001 152 108
11 0.878307001 153 92
0 0.888307001 94 58
1 0.888307001 156 150
2 0.888307001 82 154
3 0.888307001 66 136
4 0.888307001 82 48
5 0.888307001 -4 51
6 0.888307001 -3 126
7 0.888307001 -9 113
8 0.888307001 57 161
9 0.888307001 -13 128
10 0.888307001 151 109
11 0.888307001 150 93
0 0.898307001 93 58
1 0.898307001 155 150
2 0.898307001 81 155
3 0.898307001 65 137
4 0.898307001 81 48
5 0.898307001 -3 50
6 0.898307001 -3 126
7 0.898307001 -9 113
8 0.898307001 55 160
9 0.898307001 -13 128
10 0.898307001 150 108
11 0.898307001 150 93
0 0.908307001 91 58
1 0.908307001 154 150
2 0.908307001 79 154
3 0.908307001 62 137
4 0.908307001 80 48
5 0.908307001 -3 49
6 0.908307001 -3 126
7 0.908307001 -9 114
8 0.908307001 54 160
9 0.908307001 -13 128
10 0.908307001 148 108
11 0.908307001 149 93
0 0.918307001 91 57
1 0.918307001 152 149
2 0.918307001 78 155
3 0.918307001 62 136
4 0.918307001 78 47
5 0.918307001 -4 48
6 0.918307001 -4 125
7 0.918307001 -9 114
8 0.918307001 53 159
9 0.918307001 -13 128
10 0.918307001 147 109
11 0.918307001 147 92
0 0.928307001 89 57
1 0.928307001 151 150
2 0.928307001 77 155
3 0.928307001 59 136
4 0.928307001 77 47
5 0.928307001 -5 46
6 0.928307001 -4 124
7 0.928307001 -9 115
8 0.928307001 51 160
9 0.928307001 -13 128
10 0.928307001 145 108
11 0.928307001 146 92
0 0.938307001 87 57
1 0.938307001 148 149
2 0.938307001 75 154
3 0.938307001 58 136
4 0.938307001 75 47
5 0.938307001 -5 45
6 0.938307001 -4 123
7 0.938307001 -10 115
8 0.938307001 49 160
9 0.938307001 -13 128
10 0.938307001 144 108
11 0.938307001 145 92
0 0.948307001 86 56
1 0.948307001 147 149
2 0.948307001 73 153
3 0.948307001 57 135
4 0.948307001 74 47
5 0.948307001 -6 44
6 0.948307001 -5 122
7 0.948307001 -10 115
8 0.948307001 47 158
9 0.948307001 -14 128
10 0.948307001 143 108
11 0.948307001 144 91
0 0.958307001 84 57
1 0.958307001 147 149
2 0.958307001 71 154
3 0.958307001 55 135
4 0.958307001 72 46
5 0.958307001 -7 43
6 0.958307001 -5 121
7 0.958307001 -10 116
8 0.958307001 46 160
9 0.958307001 -15 128
10 0.958307001 141 108
11 0.958307001 142 91
0 0.968307001 83 56
1 0.968307001 144 149
2 0.968307001 71 154
3 0.968307001 53 135
4 0.968307001 70 46
5 0.968307001 -7 42
6 0.968307001 -6 120
7 0.968307001 -11 116
8 0.968307001 44 160
9 0.968307001 -16 128
10 0.968307001 140 108
11 0.968307001 140 91
0 0.978307001 81 56
1 0.978307001 143 149
2 0.978307001 69 154
3 0.978307001 52 135
4 0.978307001 69 46
5 0.978307001 -8 41
6 0.978307001 -6 119
7 0.978307001 -11 116
8 0.978307001 42 160
9 0.978307001 -17 128
10 0.978307001 138 108
11 0.978307001 139 91
0 0.988307001 80 56
1 0.988307001 142 149
2 0.988307001 66 153
3 0.988307001 50 135
4 0.988307001 68 46
5 0.988307001 -9 40
6 0.988307001 -7 118
7 0.988307001 -12 116
8 0.988307001 40 160
9 0.988307001 -18 128
10 0.988307001 137 108
11 0.988307001 139 91
0 0.998307001 79 56
1 0.998307001 141 149
2 0.998307001 66 153
3 0.998307001 49 135
4 0.998307001 67 46
5 0.998307001 -10 40
6 0.998307001 -7 118
7 0.998307001 -13 116
8 0.998307001 39 160
9 0.998307001 -19 128
10 0.998307001 136 108
11 0.998307001 137 91
0 1.008307001 78 56
1 1.008307001 140 148
2 1.008307001 65 153
3 1.008307001 47 134
4 1.008307001 66 45
5 1.008307001 -12 38
6 1.008307001 -8 117
7 1.008307001 -13 117
8 1.008307001 38 159
9 1.008307001 -19 128
10 1.008307001 135 108
11 1.008307001 136 91
0 1.018307001 76 56
1 1.018307001 138 148
2 1.018307001 63 153
3 1.018307001 46 134
4 1.018307001 64 45
5 1.018307001 -12 37
6 1.018307001 -9 116
7 1.018307001 -14 117
8 1.018307001 36 159
9 1.018307001 -20 128
10 1.018307001 134 107
11 1.018307001 134 92
0 1.028307001 75 55
1 1.028307001 136 148
2 1.028307001 62 153
3 1.028307001 44 134
4 1.028307001 62 45
5 1.028307001 -14 36
6 1.028307001 -10 116
7 1.028307001 -15 117
8 1.028307001 34 159
9 1.028307001 -21 128
10 1.028307001 132 107
11 1.028307001 133 90
0 1.038307001 73 54
1 1.038307001 135 149
2 1.038307001 60 152
3 1.038307001 42 134
4 1.038307001 61 43
5 1.038307001 -15 35
6 1.038307001 -10 115
7 1.038307001 -15 117
8 1.038307001 32 158
9 1.038307001 -23 128
10 1.038307001 130 107
11 1.038307001 132 89
0 1.048307001 71 53
1 1.048307001 133 147
2 1.048307001 58 151
3 1.048307001 40 133
4 1.048307001 59 42
5 1.048307001 -16 34
6 1.048307001 -11 114
7 1.048307001 -16 118
8 1.048307001 30 158
9 1.048307001 -24 128
10 1.048307001 129 107
11 1.048307001 130 89
0 1.058307001 70 53
1 1.058307001 131 148
2 1.058307001 56 151
3 1.058307001 39 132
4 1.058307001 58 42
5 1.058307001 -17 33
6 1.058307001 -12 114
7 1.058307001 -17 118
8 1.058307001 29 157
9 1.058307001 -25 128
10 1.058307001 127 105
11 1.058307001 129 89
0 1.068307001 68 52
1 1.068307001 129 147
2 1.068307001 53 152
3 1.068307001 37 131
4 1.068307001 56 41
5 1.068307001 -19 32
6 1.068307001 -13 113
7 1.068307001 -18 118
8 1.068307001 26 156
9 1.068307001 -26 128
10 1.068307001 125 105
11 1.068307001 127 89
0 1.078307001 66 51
1 1.078307001 129 146
2 1.078307001 52 151
3 1.078307001 35 131
4 1.078307001 54 41
5 1.078307001 -20 31
6 1.078307001 -14 112
7 1.078307001 -18 118
8 1.078307001 23 157
9 1.078307001 -27 128
10 1.078307001 124 105
11 1.078307001 126 88
0 1.088307001 66 51
1 1.088307001 128 146
2 1.088307001 51 151
3 1.088307001 33 132
4 1.088307001 53 41
5 1.088307001 -21 30
6 1.088307001 -15 112
7 1.088307001 -19 119
8 1.088307001 23 157
9 1.088307001 -28 128
10 1.088307001 123 105
11 1.088307001 125 88
0 1.098307001 65 51
1 1.098307001 126 147
2 1.098307001 50 151
3 1.098307001 32 131
4 1.098307001 51 40
5 1.098307001 -22 29
6 1.098307001 -16 111
7 1.098307001 -20 119
8 1.098307001 20 157
9 1.098307001 -29 128
10 1.098307001 122 105
11 1.098307001 123 88
0 1.108307001 63 50
1 1.108307001 125 146
2 1.108307001 47 151
3 1.108307001 31 131
4 1.108307001 49 39
5 1.108307001 -24 28
6 1.108307001 -16 111
7 1.108307001 -21 119
8 1.108307001 19 157
9 1.108307001 -30 128
10 1.108307001 120 104
11 1.108307001 122 88
0 1.118307001 61 50
1 1.118307001 124 147
2 1.118307001 46 150
3 1.118307001 29 131
4 1.118307001 49 40
5 1.118307001 -25 27
6 1.118307001 -17 110
7 1.118307001 -21 120
8 1.118307001 18 157
9 1.118307001 -31 128
10 1.118307001 119 104
11 1.118307001 121 88
0 1.128307001 59 50
1 1.128307001 122 146
2 1.128307001 45 151
3 1.128307001 28 131
4 1.128307001 46 38
5 1.128307001 -26 26
6 1.128307001 -18 110
7 1.128307001 -22 120
8 1.128307001 15 156
9 1.128307001 -32 128
10 1.128307001 118 104
11 1.128307001 119 88
0 1.138307001 59 49
1 1.138307001 120 146
2 1.138307001 42 150
3 1.138307001 25 130
4 1.138307001 46 38
5 1.138307001 -28 25
6 1.138307001 -19 109
7 1.138307001 -23 120
8 1.138307001 14 155
9 1.138307001 -34 128
10 1.138307001 117 104
11 1.138307001 118 87
0 1.148307001 57 48
1 1.148307001 119 146
2 1.148307001 41 150
3 1.148307001 23 130
4 1.148307001 43 38
5 1.148307001 -29 24
6 1.148307001 -20 109
7 1.148307001 -24 121
8 1.148307001 12 156
9 1.148307001 -35 128
10 1.148307001 115 104
11 1.148307001 117 87
0 1.158307001 55 48
1 1.158307001 118 145
2 1.158307001 39 149
3 1.158307001 22 130
4 1.158307001 43 37
5 1.158307001 -30 23
6 1.158307001 -21 108
7 1.158307001 -24 121
8 1.158307001 10 155
9 1.158307001 -36 129
10 1.158307001 114 103
11 1.158307001 116 87
0 1.168307001 54 48
1 1.168307001 116 145
2 1.168307001 39 149
3 1.168307001 19 130
4 1.168307001 41 36
5 1.168307001 -32 22
6 1.168307001 -22 108
7 1.168307001 -25 121
8 1.168307001 9 155
9 1.168307001 -37 129
10 1.168307001 112 103
11 1.168307001 114 86
0 1.178307001 53 47
1 1.178307001 116 145
2 1.178307001 37 148
3 1.178307001 18 129
4 1.178307001 40 36
5 1.178307001 -33 21
6 1.178307001 -23 107
7 1.178307001 -26 122
8 1.178307001 7 154
9 1.178307001 -38 129
10 1.178307001 111 103
11 1.178307001 113 86
0 1.188307001 52 46
1 1.188307001 114 144
2 1.188307001 36 149
3 1.188307001 17 129
4 1.188307001 38 35
5 1.188307001 -35 20
6 1.188307001 -24 107
7 1.188307001 -27 122
8 1.188307001 5 154
9 1.188307001 -39 129
10 1.188307001 110 104
11 1.188307001 112 86
0 1.198307001 50 46
1 1.198307001 113 144
2 1.198307001 34 148
3 1.198307001 15 129
4 1.198307001 37 35
5 1.198307001 -36 20
6 1.198307001 -25 106
7 1.198307001 -27 122
8 1.198307001 4 154
9 1.198307001 -40 129
10 1.198307001 109 103
11 1.198307001 110 86
0 1.208307001 48 45
1 1.208307001 112 144
2 1.208307001 32 148
3 1.208307001 14 128
4 1.208307001 35 35
5 1.208307001 -37 19
6 1.208307001 -26 106
7 1.208307001 -28 123
8 1.208307001 2 153
9 1.208307001 -41 129
10 1.208307001 108 102
11 1.208307001 109 86
0 1.218307001 47 45
1 1.218307001 110 144
2 1.218307001 31 147
3 1.218307001 12 128
4 1.218307001 34 34
5 1.218307001 -39 18
6 1.218307001 -27 106
7 1.218307001 -29 123
8 1.218307001 1 153
9 1.218307001 -42 129
10 1.218307001 107 101
11 1.218307001 108 85
0 1.228307001 47 45
1 1.228307001 110 144
2 1.228307001 30 146
3 1.228307001 11 128
4 1.228307001 33 33
5 1.228307001 -40 17
6 1.228307001 -28 105
7 1.228307001 -30 123
8 1.228307001 1 153
9 1.228307001 -44 129
10 1.228307001 106 101
11 1.228307001 107 84
0 1.238307001 46 43
1 1.238307001 108 143
2 1.238307001 29 148
3 1.238307001 10 127
4 1.238307001 32 33
5 1.238307001 -41 16
6 1.238307001 -29 105
7 1.238307001 -31 124
8 1.238307001 0 152
9 1.238307001 -45 129
10 1.238307001 105 101
11 1.238307001 106 84
0 1.248307001 44 44
1 1.248307001 108 143
2 1.248307001 28 147
3 1.248307001 8 126
4 1.248307001 31 32
5 1.248307001 -43 15
6 1.248307001 -30 104
7 1.248307001 -31 124
8 1.248307001 0 151
9 1.248307001 -46 129
10 1.248307001 104 101
11 1.248307001 106 84
0 1.258307001 44 43
1 1.258307001 106 143
2 1.258307001 27 147
3 1.258307001 8 125
4 1.258307001 30 31
5 1.258307001 -44 14
6 1.258307001 -31 104
7 1.258307001 -32 124
8 1.258307001 1 151
9 1.258307001 -47 129
10 1.258307001 103 100
11 1.258307001 105 84
0 1.268307001 41 42
1 1.268307001 106 143
2 1.268307001 25 146
3 1.268307001 6 125
4 1.268307001 28 31
5 1.268307001 -45 13
6 1.268307001 -32 104
7 1.268307001 -33 125
8 1.268307001 1 150
9 1.268307001 -48 129
10 1.268307001 103 100
11 1.268307001 104 83
0 1.278307001 41 42
1 1.278307001 105 143
2 1.278307001 25 146
3 1.278307001 5 125
4 1.278307001 28 30
5 1.278307001 -46 13
6 1.278307001 -33 103
7 1.278307001 -33 125
8 1.278307001 2 150
9 1.278307001 -49 130
10 1.278307001 102 101
11 1.278307001 103 83
0 1.288307001 40 42
1 1.288307001 104 142
2 1.288307001 24 145
3 1.288307001 5 125
4 1.288307001 27 30
5 1.288307001 -48 12
6 1.288307001 -34 103
7 1.288307001 -34 125
8 1.288307001 1 149
9 1.288307001 -50 130
10 1.288307001 101 100
11 1.288307001 102 82
0 1.298307001 39 42
1 1.298307001 104 142
2 1.298307001 22 144
3 1.298307001 3 125
4 1.298307001 26 30
5 1.298307001 -49 11
6 1.298307001 -35 103
7 1.298307001 -35 126
8 1.298307001 1 150
9 1.298307001 -51 130
10 1.298307001 100 101
11 1.298307001 101 82
0 1.308307001 39 42
1 1.308307001 103 142
2 1.308307001 22 146
3 1.308307001 2 124
4 1.308307001 26 30
5 1.308307001 -50 10
6 1.308307001 -36 102
7 1.308307001 -35 126
8 1.308307001 1 150
9 1.308307001 -52 130
10 1.308307001 99 100
11 1.308307001 100 82
0 1.318307001 37 40
1 1.318307001 103 141
2 1.318307001 21 146
3 1.318307001 2 124
4 1.318307001 24 29
5 1.318307001 -51 10
6 1.318307001 -37 102
7 1.318307001 -36 127
8 1.318307001 2 149
9 1.318307001 -53 130
10 1.318307001 99 100
11 1.318307001 99 83
0 1.328307001 37 41
1 1.328307001 102 141
2 1.328307001 20 145
3 1.328307001 2 124
4 1.328307001 23 29
5 1.328307001 -53 9
6 1.328307001 -38 102
7 1.328307001 -37 127
8 1.328307001 0 149
9 1.328307001 -54 130
10 1.328307001 98 99
11 1.328307001 98 82
0 1.338307001 35 40
1 1.338307001 100 141
2 1.338307001 19 145
3 1.338307001 1 125
4 1.338307001 22 28
5 1.338307001 -54 8
6 1.338307001 -39 102
7 1.338307001 -37 127
8 1.338307001 0 148
9 1.338307001 -55 130
10 1.338307001 96 99
11 1.338307001 97 81
0 1.348307001 35 39
1 1.348307001 100 140
2 1.348307001 18 144
3 1.348307001 1 125
4 1.348307001 22 27
5 1.348307001 -55 7
6 1.348307001 -40 101
7 1.348307001 -38 128
8 1.348307001 0 148
9 1.348307001 -57 130
10 1.348307001 96 98
11 1.348307001 97 80
0 1.358307001 34 38
1 1.358307001 98 140
2 1.358307001 17 145
3 1.358307001 1 126
4 1.358307001 21 26
5 1.358307001 -56 7
6 1.358307001 -41 101
7 1.358307001 -39 128
8 1.358307001 0 146
9 1.358307001 -58 130
10 1.358307001 95 98
11 1.358307001 97 80
0 1.368307001 34 38
1 1.368307001 99 139
2 1.368307001 16 144
3 1.368307001 1 126
4 1.368307001 21 26
5 1.368307001 -57 6
6 1.368307001 -42 101
7 1.368307001 -40 129
8 1.368307001 1 145
9 1.368307001 -59 130
10 1.368307001 95 98
11 1.368307001 96 79
0 1.378307001 33 38
1 1.378307001 98 140
2 1.378307001 15 144
3 1.378307001 2 127
4 1.378307001 20 26
5 1.378307001 -59 5
6 1.378307001 -43 101
7 1.378307001 -40 129
8 1.378307001 2 145
9 1.378307001 -60 131
10 1.378307001 94 97
11 1.378307001 96 79
0 1.388307001 32 38
1 1.388307001 96 140
2 1.388307001 14 143
3 1.388307001 2 127
4 1.388307001 20 25
5 1.388307001 -60 5
6 1.388307001 -44 101
7 1.388307001 -41 130
8 1.388307001 2 145
9 1.388307001 -61 131
10 1.388307001 93 96
11 1.388307001 95 79
0 1.398307001 32 37
1 1.398307001 97 140
2 1.398307001 14 143
3 1.398307001 2 128
4 1.398307001 19 25
5 1.398307001 -61 4
6 1.398307001 -45 100
7 1.398307001 -41 130
8 1.398307001 2 145
9 1.398307001 -62 131
10 1.398307001 92 97
11 1.398307001 94 79
0 1.408307001 31 37
1 1.408307001 95 139
2 1.408307001 13 142
3 1.408307001 2 128
4 1.408307001 18 24
5 1.408307001 -62 3
6 1.408307001 -46 100
7 1.408307001 -42 131
8 1.408307001 1 144
9 1.408307001 -63 131
10 1.408307001 92 97
11 1.408307001 94 79
0 1.418307001 32 35
1 1.418307001 96 139
2 1.418307001 12 143
3 1.418307001 1 129
4 1.418307001 18 24
5 1.418307001 -63 3
6 1.418307001 -47 100
7 1.418307001 -43 131
8 1.418307001 3 145
9 1.418307001 -64 131
10 1.418307001 92 97
11 1.418307001 94 78
0 1.428307001 30 37
1 1.428307001 95 139
2 1.428307001 13 142
3 1.428307001 1 129
4 1.428307001 18 24
5 1.428307001 -65 2
6 1.428307001 -48 100
7 1.428307001 -43 132
8 1.428307001 2 143
9 1.428307001 -65 131
10 1.428307001 91 96
11 1.428307001 93 78
0 1.438307001 31 36
1 1.438307001 96 138
2 1.438307001 12 142
3 1.438307001 2 129
4 1.438307001 18 24
5 1.438307001 -66 2
6 1.438307001 -49 100
7 1.438307001 -44 132
8 1.438307001 2 143
9 1.438307001 -66 131
10 1.438307001 92 96
11 1.438307001 93 78
0 1.448307001 30 36
1 1.448307001 95 139
2 1.448307001 12 142
3 1.448307001 2 129
4 1.448307001 17 23
5 1.448307001 -67 1
6 1.448307001 -50 100
7 1.448307001 -45 132
8 1.448307001 1 143
9 1.448307001 -67 132
10 1.448307001 92 96
11 1.448307001 92 78
0 1.458307001 30 36
1 1.458307001 95 140
2 1.458307001 13 141
3 1.458307001 2 130
4 1.458307001 17 23
5 1.458307001 -68 0
6 1.458307001 -51 99
7 1.458307001 -45 133
8 1.458307001 0 142
9 1.458307001 -68 132
10 1.458307001 91 95
11 1.458307001 92 78
0 1.468307001 30 36
1 1.468307001 95 137
2 1.468307001 12 141
3 1.468307001 3 130
4 1.468307001 16 23
5 1.468307001 -70 0
6 1.468307001 -52 99
7 1.468307001 -46 133
8 1.468307001 0 142
9 1.468307001 -70 132
10 1.468307001 91 95
11 1.468307001 92 78
0 1.478307001 30 37
1 1.478307001 95 138
2 1.478307001 13 141
3 1.478307001 2 129
4 1.478307001 18 25
5 1.478307001 -71 0
6 1.478307001 -53 99
7 1.478307001 -47 134
8 1.478307001 0 141
9 1.478307001 -71 132
10 1.478307001 91 95
11 1.478307001 91 78
0 1.488307001 30 36
1 1.488307001 96 139
2 1.488307001 11 140
3 1.488307001 2 129
4 1.488307001 16 23
5 1.488307001 -72 0
6 1.488307001 -54 99
7 1.488307001 -47 134
8 1.488307001 0 140
9 1.488307001 -72 132
10 1.488307001 91 95
11 1.488307001 92 78
0 1.498307001 29 36
1 1.498307001 95 139
2 1.498307001 10 139
3 1.498307001 1 129
4 1.498307001 17 24
5 1.498307001 -73 -1
6 1.498307001 -55 99
7 1.498307001 -48 135
8 1.498307001 -1 140
9 1.498307001 -73 132
10 1.498307001 90 95
11 1.498307001 92 77
0 1.508307001 29 35
1 1.508307001 96 139
2 1.508307001 10 138
3 1.508307001 1 129
4 1.508307001 17 22
5 1.508307001 -74 -1
6 1.508307001 -56 99
7 1.508307001 -49 135
8 1.508307001 -2 138
9 1.508307001 -74 132
10 1.508307001 90 94
11 1.508307001 92 76
0 1.518307001 30 35
1 1.518307001 96 139
2 1.518307001 9 137
3 1.518307001 1 129
4 1.518307001 18 22
5 1.518307001 -76 -2
6 1.518307001 -57 98
7 1.518307001 -49 136
8 1.518307001 -2 138
9 1.518307001 -75 132
10 1.518307001 89 92
11 1.518307001 93 76
0 1.528307001 29 35
1 1.528307001 97 139
2 1.528307001 9 137
3 1.528307001 1 130
4 1.528307001 18 22
5 1.528307001 -77 -2
6 1.528307001 -58 98
7 1.528307001 -50 136
8 1.528307001 -4 137
9 1.528307001 -76 132
10 1.528307001 88 90
11 1.528307001 93 76
0 1.538307001 30 34
1 1.538307001 97 140
2 1.538307001 8 136
3 1.538307001 0 130
4 1.538307001 20 23
5 1.538307001 -78 -3
6 1.538307001 -59 98
7 1.538307001 -51 137
8 1.538307001 -4 136
9 1.538307001 -77 132
10 1.538307001 88 89
11 1.538307001 93 76
0 1.548307001 31 35
1 1.548307001 98 140
2 1.548307001 8 136
3 1.548307001 0 129
4 1.548307001 20 23
5 1.548307001 -79 -3
6 1.548307001 -61 98
7 1.548307001 -51 137
8 1.548307001 -5 135
9 1.548307001 -79 132
10 1.548307001 88 88
11 1.548307001 93 75
0 1.558307001 32 36
1 1.558307001 94 138
2 1.558307001 7 135
3 1.558307001 0 129
4 1.558307001 17 24
5 1.558307001 -80 -4
6 1.558307001 -62 98
7 1.558307001 -52 137
8 1.558307001 -7 134
9 1.558307001 -80 133
10 1.558307001 89 88
11 1.558307001 93 77
0 1.568307001 30 36
1 1.568307001 95 139
2 1.568307001 7 135
3 1.568307001 0 129
4 1.568307001 16 25
5 1.568307001 -82 -4
6 1.568307001 -63 98
7 1.568307001 -52 138
8 1.568307001 -8 133
9 1.568307001 -81 133
10 1.568307001 89 90
11 1.568307001 93 78
0 1.578307001 30 36
1 1.578307001 96 140
2 1.578307001 6 134
3 1.578307001 -1 129
4 1.578307001 17 25
5 1.578307001 -83 -5
6 1.578307001 -64 98
7 1.578307001 -53 139
8 1.578307001 -9 132
9 1.578307001 -82 133
10 1.578307001 89 92
11 1.578307001 93 78
0 1.588307001 31 37
1 1.588307001 97 140
2 1.588307001 6 134
3 1.588307001 -1 128
4 1.588307001 16 26
5 1.588307001 -84 -5
6 1.588307001 -65 98
7 1.588307001 -54 139
8 1.588307001 -10 132
9 1.588307001 -83 133
10 1.588307001 91 95
11 1.588307001 93 78
0 1.598307001 31 37
1 1.598307001 97 139
2 1.598307001 8 136
3 1.598307001 0 127
4 1.598307001 18 26
5 1.598307001 -85 -5
6 1.598307001 -66 98
7 1.598307001 -54 140
8 1.598307001 -11 132
9 1.598307001 -84 133
10 1.598307001 92 97
11 1.598307001 94 78
0 1.608307001 32 38
1 1.608307001 98 140
2 1.608307001 9 135
3 1.608307001 1 128
4 1.608307001 19 26
5 1.608307001 -86 -6
6 1.608307001 -67 97
7 1.608307001 -55 140
8 1.608307001 -11 131
9 1.608307001 -86 133
10 1.608307001 92 97
11 1.608307001 94 78
0 1.618307001 32 38
1 1.618307001 99 140
2 1.618307001 10 136
3 1.618307001 1 127
4 1.618307001 19 25
5 1.618307001 -87 -6
6 1.618307001 -68 97
7 1.618307001 -55 141
8 1.618307001 -12 130
9 1.618307001 -87 133
10 1.618307001 94 98
11 1.618307001 93 80
0 1.628307001 33 39
1 1.628307001 100 140
2 1.628307001 11 137
3 1.628307001 1 126
4 1.628307001 19 26
5 1.628307001 -89 -6
6 1.628307001 -69 97
7 1.628307001 -56 141
8 1.628307001 -13 129
9 1.628307001 -88 133
10 1.628307001 94 97
11 1.628307001 94 80
0 1.638307001 34 39
1 1.638307001 101 139
2 1.638307001 13 138
3 1.638307001 2 126
4 1.638307001 19 26
5 1.638307001 -90 -6
6 1.638307001 -70 97
7 1.638307001 -57 142
8 1.638307001 -13 129
9 1.638307001 -89 134
10 1.638307001 95 97
11 1.638307001 95 79
0 1.648307001 34 39
1 1.648307001 102 140
2 1.648307001 15 139
3 1.648307001 1 125
4 1.648307001 21 27
5 1.648307001 -91 -7
6 1.648307001 -71 97
7 1.648307001 -57 142
8 1.648307001 -14 128
9 1.648307001 -90 134
10 1.648307001 96 97
11 1.648307001 96 79
0 1.658307001 36 38
1 1.658307001 102 140
2 1.658307001 13 138
3 1.658307001 1 125
4 1.658307001 21 26
5 1.658307001 -92 -7
6 1.658307001 -72 97
7 1.658307001 -58 143
8 1.658307001 -15 127
9 1.658307001 -91 134
10 1.658307001 96 97
11 1.658307001 96 80
0 1.668307001 36 39
1 1.668307001 102 140
2 1.668307001 15 138
3 1.668307001 2 124
4 1.668307001 22 26
5 1.668307001 -93 -7
6 1.668307001 -73 97
7 1.668307001 -58 143
8 1.668307001 -15 127
9 1.668307001 -92 134
10 1.668307001 97 98
11 1.668307001 97 80
0 1.678307001 37 38
1 1.678307001 102 140
2 1.678307001 13 137
3 1.678307001 1 124
4 1.678307001 23 26
5 1.678307001 -94 -8
6 1.678307001 -74 97
7 1.678307001 -59 144
8 1.678307001 -16 126
9 1.678307001 -93 134
10 1.678307001 98 98
11 1.678307001 99 80
0 1.688307001 37 39
1 1.688307001 104 141
2 1.688307001 15 137
3 1.688307001 2 123
4 1.688307001 24 27
5 1.688307001 -96 -8
6 1.688307001 -75 97
7 1.688307001 -60 144
8 1.688307001 -16 126
9 1.688307001 -95 134
10 1.688307001 100 99
11 1.688307001 99 80
0 1.698307001 39 40
1 1.698307001 105 141
2 1.698307001 15 138
3 1.698307001 3 122
4 1.698307001 25 28
5 1.698307001 -97 -8
6 1.698307001 -76 97
7 1.698307001 -60 145
8 1.698307001 -17 126
9 1.698307001 -96 134
10 1.698307001 101 99
11 1.698307001 100 81
0 1.708307001 40 41
1 1.708307001 106 142
2 1.708307001 17 137
3 1.708307001 3 123
4 1.708307001 26 28
5 1.708307001 -98 -8
6 1.708307001 -77 97
7 1.708307001 -61 146
8 1.708307001 -18 126
9 1.708307001 -97 134
10 1.708307001 102 100
11 1.708307001 102 81
0 1.718307001 41 41
1 1.718307001 106 142
2 1.718307001 18 137
3 1.718307001 4 123
4 1.718307001 28 29
5 1.718307001 -99 -9
6 1.718307001 -78 97
7 1.718307001 -61 146
8 1.718307001 -19 125
9 1.718307001 -98 135
10 1.718307001 103 100
11 1.718307001 102 83
0 1.728307001 43 41
1 1.728307001 108 142
2 1.728307001 18 137
3 1.728307001 5 123
4 1.728307001 30 29
5 1.728307001 -100 -9
6 1.728307001 -79 97
7 1.728307001 -62 147
8 1.728307001 -20 125
9 1.728307001 -99 135
10 1.728307001 104 100
11 1.728307001 104 82
0 1.738307001 44 42
1 1.738307001 109 143
2 1.738307001 20 137
3 1.738307001 8 124
4 1.738307001 30 29
5 1.738307001 -101 -9
6 1.738307001 -80 97
7 1.738307001 -63 147
8 1.738307001 -20 125
9 1.738307001 -100 135
10 1.738307001 105 100
11 1.738307001 105 82
0 1.748307001 45 42
1 1.748307001 110 143
2 1.748307001 20 137
3 1.748307001 8 124
4 1.748307001 32 31
5 1.748307001 -102 -9
6 1.748307001 -81 97
7 1.748307001 -63 148
8 1.748307001 -21 125
9 1.748307001 -102 135
10 1.748307001 105 100
11 1.748307001 106 83
0 1.758307001 46 43
1 1.758307001 111 143
2 1.758307001 22 137
3 1.758307001 9 125
4 1.758307001 33 31
5 1.758307001 -104 -10
6 1.758307001 -83 97
7 1.758307001 -64 148
8 1.758307001 -22 124
9 1.758307001 -103 135
10 1.758307001 106 100
11 1.758307001 106 84
0 1.768307001 47 43
1 1.768307001 112 143
2 1.768307001 21 137
3 1.768307001 11 125
4 1.768307001 34 31
5 1.768307001 -105 -10
6 1.768307001 -84 97
7 1.768307001 -65 149
8 1.768307001 -23 124
9 1.768307001 -104 135
10 1.768307001 107 100
11 1.768307001 107 84
0 1.778307001 48 43
1 1.778307001 113 143
2 1.778307001 25 138
3 1.778307001 12 125
4 1.778307001 34 31
5 1.778307001 -106 -10
6 1.778307001 -85 97
7 1.778307001 -65 149
8 1.778307001 -24 124
9 1.778307001 -105 135
10 1.778307001 108 101
11 1.778307001 108 84
0 1.788307001 49 44
1 1.788307001 114 144
2 1.788307001 24 137
3 1.788307001 13 125
4 1.788307001 36 32
5 1.788307001 -107 -10
6 1.788307001 -86 97
7 1.788307001 -66 150
8 1.788307001 -25 124
9 1.788307001 -107 135
10 1.788307001 109 101
11 1.788307001 110 84
0 1.798307001 50 44
1 1.798307001 115 143
2 1.798307001 27 139
3 1.798307001 15 126
4 1.798307001 36 32
5 1.798307001 -108 -10
6 1.798307001 -87 97
7 1.798307001 -66 150
8 1.798307001 -26 124
9 1.798307001 -108 135
10 1.798307001 110 101
11 1.798307001 111 85
0 1.808307001 52 45
1 1.808307001 116 143
2 1.808307001 29 138
3 1.808307001 16 126
4 1.808307001 38 32
5 1.808307001 -109 -10
6 1.808307001 -88 97
7 1.808307001 -67 151
8 1.808307001 -27 124
9 1.808307001 -109 135
10 1.808307001 111 101
11 1.808307001 112 85
0 1.818307001 53 45
1 1.818307001 117 144
2 1.818307001 30 138
3 1.818307001 18 127
4 1.818307001 40 33
5 1.818307001 -110 -11
6 1.818307001 -89 97
7 1.818307001 -68 151
8 1.818307001 -28 123
9 1.818307001 -110 136
10 1.818307001 113 102
11 1.818307001 113 84
0 1.828307001 54 45
1 1.828307001 118 143
2 1.828307001 32 138
3 1.828307001 19 126
4 1.828307001 41 34
5 1.828307001 -111 -11
6 1.828307001 -90 97
7 1.828307001 -68 152
8 1.828307001 -29 123
9 1.828307001 -111 136
10 1.828307001 114 101
11 1.828307001 114 84
0 1.838307001 55 44
1 1.838307001 120 144
2 1.838307001 33 138
3 1.838307001 21 126
4 1.838307001 42 33
5 1.838307001 -113 -11
6 1.838307001 -91 97
7 1.838307001 -69 152
8 1.838307001 -30 123
9 1.838307001 -112 136
10 1.838307001 115 101
11 1.838307001 115 84
0 1.848307001 57 45
1 1.848307001 121 143
2 1.848307001 34 139
3 1.848307001 22 127
4 1.848307001 44 34
5 1.848307001 -114 -11
6 1.848307001 -92 97
7 1.848307001 -69 153
8 1.848307001 -31 123
9 1.848307001 -114 136
10 1.848307001 117 100
11 1.848307001 117 84
0 1.858307001 58 45
1 1.858307001 122 143
2 1.858307001 37 139
3 1.858307001 24 126
4 1.858307001 45 34
5 1.858307001 -115 -11
6 1.858307001 -93 97
7 1.858307001 -70 153
8 1.858307001 -32 123
9 1.858307001 -115 136
10 1.858307001 118 101
11 1.858307001 118 83
0 1.868307001 60 45
1 1.868307001 124 143
2 1.868307001 38 138
3 1.868307001 25 126
4 1.868307001 47 32
5 1.868307001 -116 -11
6 1.868307001 -94 97
7 1.868307001 -70 154
8 1.868307001 -33 123
9 1.868307001 -116 136
10 1.868307001 119 101
11 1.868307001 119 83
0 1.878307001 61 45
1 1.878307001 125 142
2 1.878307001 40 138
3 1.878307001 27 125
4 1.878307001 48 33
5 1.878307001 -117 -12
6 1.878307001 -95 97
7 1.878307001 -71 154
8 1.878307001 -34 123
9 1.878307001 -117 136
10 1.878307001 120 100
11 1.878307001 121 83
0 1.888307001 63 45
1 1.888307001 126 143
2 1.888307001 41 138
3 1.888307001 29 126
4 1.888307001 49 33
5 1.888307001 -118 -12
6 1.888307001 -96 97
7 1.888307001 -72 155
8 1.888307001 -35 123
9 1.888307001 -118 136
10 1.888307001 121 100
11 1.888307001 122 83
0 1.898307001 64 44
1 1.898307001 127 141
2 1.898307001 42 137
3 1.898307001 31 125
4 1.898307001 51 33
5 1.898307001 -119 -12
6 1.898307001 -97 97
7 1.898307001 -72 155
8 1.898307001 -36 123
9 1.898307001 -120 136
10 1.898307001 123 101
11 1.898307001 123 83
0 1.908307001 65 44
1 1.908307001 129 141
2 1.908307001 44 137
3 1.908307001 32 125
4 1.908307001 52 32
5 1.908307001 -120 -12
6 1.908307001 -98 97
7 1.908307001 -73 156
8 1.908307001 -37 123
9 1.908307001 -121 137
10 1.908307001 124 99
11 1.908307001 125 82
0 1.918307001 67 43
1 1.918307001 130 141
2 1.918307001 44 135
3 1.918307001 33 124
4 1.918307001 54 32
5 1.918307001 -121 -12
6 1.918307001 -99 97
7 1.918307001 -74 156
8 1.918307001 -38 123
9 1.918307001 -122 137
10 1.918307001 125 99
11 1.918307001 126 81
0 1.928307001 69 43
1 1.928307001 131 140
2 1.928307001 45 136
3 1.928307001 34 124
4 1.928307001 55 31
5 1.928307001 -123 -12
6 1.928307001 -100 97
7 1.928307001 -74 157
8 1.928307001 -39 122
9 1.928307001 -123 137
10 1.928307001 127 99
11 1.928307001 128 81
0 1.938307001 70 43
1 1.938307001 132 140
2 1.938307001 49 136
3 1.938307001 36 124
4 1.938307001 56 31
5 1.938307001 -124 -13
6 1.938307001 -101 97
7 1.938307001 -75 157
8 1.938307001 -40 122
9 1.938307001 -124 137
10 1.938307001 129 98
11 1.938307001 129 81
0 1.948307001 71 42
1 1.948307001 133 140
2 1.948307001 50 135
3 1.948307001 38 123
4 1.948307001 58 31
5 1.948307001 -125 -13
6 1.948307001 -102 97
7 1.948307001 -75 158
8 1.948307001 -41 122
9 1.948307001 -126 137
10 1.948307001 129 98
11 1.948307001 130 81
0 1.958307001 73 42
1 1.958307001 135 140
2 1.958307001 50 134
3 1.958307001 40 123
4 1.958307001 60 31
5 1.958307001 -126 -13
6 1.958307001 -103 97
7 1.958307001 -76 158
8 1.958307001 -42 122
9 1.958307001 -127 137
10 1.958307001 131 98
11 1.958307001 131 82
0 1.968307001 75 43
1 1.968307001 136 140
2 1.968307001 52 135
3 1.968307001 40 123
4 1.968307001 61 31
5 1.968307001 -127 -13
6 1.968307001 -104 97
7 1.968307001 -76 159
8 1.968307001 -43 122
9 1.968307001 -128 137
10 1.968307001 132 98
11 1.968307001 133 82
0 1.978307001 76 43
1 1.978307001 137 141
2 1.978307001 55 135
3 1.978307001 42 122
4 1.978307001 63 32
5 1.978307001 -128 -13
6 1.978307001 -105 97
7 1.978307001 -77 159
8 1.978307001 -44 122
9 1.978307001 -129 137
10 1.978307001 133 98
11 1.978307001 134 82
0 1.988307001 77 42
1 1.988307001 139 140
2 1.988307001 55 133
3 1.988307001 43 122
4 1.988307001 64 32
5 1.988307001 -129 -13
6 1.988307001 -106 97
7 1.988307001 -78 160
8 1.988307001 -45 122
9 1.988307001 -131 137
10 1.988307001 135 98
11 1.988307001 135 82
0 1.998307001 79 42
1 1.998307001 140 141
2 1.998307001 55 132
3 1.998307001 45 122
4 1.998307001 66 31
5 1.998307001 -130 -14
6 1.998307001 -107 97
7 1.998307001 -78 160
8 1.998307001 -47 122
9 1.998307001 -132 137
10 1.998307001 136 98
11 1.998307001 136 82
0 2.008307001 80 42
1 2.008307001 141 139
2 2.008307001 57 133
3 2.008307001 46 122
4 2.008307001 68 31
5 2.008307001 -132 -14
6 2.008307001 -109 97
7 2.008307001 -79 161
8 2.008307001 -48 122
9 2.008307001 -133 137
10 2.008307001 137 98
11 2.008307001 137 81
0 2.018307001 80 42
1 2.018307001 142 139
2 2.018307001 59 134
3 2.018307001 47 122
4 2.018307001 69 31
5 2.018307001 -133 -14
6 2.018307001 -110 97
7 2.018307001 -79 161
8 2.018307001 -49 122
9 2.018307001 -134 137
10 2.018307001 138 97
11 2.018307001 139 81
0 2.028307001 82 42
1 2.028307001 143 139
2 2.028307001 61 134
3 2.028307001 49 122
4 2.028307001 70 30
5 2.028307001 -134 -14
6 2.028307001 -111 97
7 2.028307001 -80 162
8 2.028307001 -50 122
9 2.028307001 -136 137
10 2.028307001 140 98
11 2.028307001 140 81
0 2.038307001 82 41
1 2.038307001 144 139
2 2.038307001 61 132
3 2.038307001 50 122
4 2.038307001 70 31
5 2.038307001 -135 -14
6 2.038307001 -112 97
7 2.038307001 -81 162
8 2.038307001 -51 122
9 2.038307001 -137 137
10 2.038307001 140 98
11 2.038307001 140 80
0 2.048307001 84 42
1 2.048307001 145 137
2 2.048307001 62 132
3 2.048307001 51 122
4 2.048307001 70 30
5 2.048307001 -136 -14
6 2.048307001 -113 97
7 2.048307001 -81 163
8 2.048307001 -52 122
9 2.048307001 -138 137
10 2.048307001 141 97
11 2.048307001 141 80
0 2.058307001 85 42
1 2.058307001 146 137
2 2.058307001 64 132
3 2.058307001 52 122
4 2.058307001 72 30
5 2.058307001 -137 -14
6 2.058307001 -114 97
7 2.058307001 -82 163
8 2.058307001 -53 122
9 2.058307001 -139 137
10 2.058307001 141 96
11 2.058307001 142 79
0 2.068307001 86 41
1 2.068307001 147 137
2 2.068307001 64 132
3 2.068307001 53 121
4 2.068307001 73 30
5 2.068307001 -138 -14
6 2.068307001 -115 97
7 2.068307001 -83 164
8 2.068307001 -54 122
9 2.068307001 -141 138
10 2.068307001 142 96
11 2.068307001 143 79
0 2.078307001 87 41
1 2.078307001 148 137
2 2.078307001 66 132
3 2.078307001 54 121
4 2.078307001 73 30
5 2.078307001 -139 -15
6 2.078307001 -116 97
7 2.078307001 -83 164
8 2.078307001 -56 122
9 2.078307001 -142 138
10 2.078307001 143 97
11 2.078307001 144 79
0 2.088307001 88 41
1 2.088307001 148 138
2 2.088307001 67 132
3 2.088307001 56 121
4 2.088307001 75 30
5 2.088307001 -141 -15
6 2.088307001 -117 97
7 2.088307001 -84 165
8 2.088307001 -57 122
9 2.088307001 -143 138
10 2.088307001 144 96
11 2.088307001 145 79
0 2.098307001 88 41
1 2.098307001 150 137
2 2.098307001 69 133
3 2.098307001 58 122
4 2.098307001 77 30
5 2.098307001 -142 -15
6 2.098307001 -118 97
7 2.098307001 -84 166
8 2.098307001 -58 122
9 2.098307001 -144 138
10 2.098307001 146 97
11 2.098307001 146 79
0 2.108307001 91 42
1 2.108307001 152 138
2 2.108307001 70 133
3 2.108307001 60 122
4 2.108307001 78 31
5 2.108307001 -143 -15
6 2.108307001 -119 97
7 2.108307001 -85 166
8 2.108307001 -59 122
9 2.108307001 -146 138
10 2.108307001 148 97
11 2.108307001 148 80
0 2.118307001 92 43
1 2.118307001 152 139
2 2.118307001 71 133
3 2.118307001 61 122
4 2.118307001 80 32
5 2.118307001 -144 -15
6 2.118307001 -120 97
7 2.118307001 -86 167
8 2.118307001 -60 122
9 2.118307001 -147 138
10 2.118307001 149 98
11 2.118307001 149 81
0 2.128307001 94 44
1 2.128307001 154 139
2 2.128307001 73 135
3 2.128307001 62 122
4 2.128307001 82 33
5 2.128307001 -145 -15
6 2.128307001 -121 97
7 2.128307001 -86 167
8 2.128307001 -61 122
9 2.128307001 -148 138
10 2.128307001 150 98
11 2.128307001 150 82
0 2.138307001 94 44
1 2.138307001 154 139
2 2.138307001 73 133
3 2.138307001 62 123
4 2.138307001 82 33
5 2.138307001 -146 -15
6 2.138307001 -123 97
7 2.138307001 -87 168
8 2.138307001 -63 122
9 2.138307001 -150 138
10 2.138307001 150 98
11 2.138307001 151 81
0 2.148307001 95 44
1 2.148307001 156 139
2 2.148307001 75 135
3 2.148307001 64 123
4 2.148307001 83 33
5 2.148307001 -147 -15
6 2.148307001 -124 97
7 2.148307001 -87 168
8 2.148307001 -64 122
9 2.148307001 -151 139
10 2.148307001 152 99
11 2.148307001 152 81
0 2.158307001 97 43
1 2.158307001 157 139
2 2.158307001 77 135
3 2.158307001 66 123
4 2.158307001 84 32
5 2.158307001 -149 -15
6 2.158307001 -125 97
7 2.158307001 -88 169
8 2.158307001 -65 122
9 2.158307001 -152 139
10 2.158307001 153 98
11 2.158307001 153 81
0 2.168307001 98 43
1 2.168307001 157 137
2 2.168307001 77 132
3 2.168307001 66 122
4 2.168307001 86 33
5 2.168307001 -150 -15
6 2.168307001 -126 97
7 2.168307001 -89 169
8 2.168307001 -66 122
9 2.168307001 -153 139
10 2.168307001 154 98
11 2.168307001 155 80
0 2.178307001 99 42
1 2.178307001 159 137
2 2.178307001 79 133
3 2.178307001 68 122
4 2.178307001 87 31
5 2.178307001 -151 -15
6 2.178307001 -127 97
7 2.178307001 -89 170
8 2.178307001 -68 122
9 2.178307001 -155 139
10 2.178307001 155 97
11 2.178307001 156 79
0 2.188307001 100 42
1 2.188307001 161 137
2 2.188307001 81 133
3 2.188307001 70 121
4 2.188307001 89 31
5 2.188307001 -152 -15
6 2.188307001 -128 97
7 2.188307001 -90 170
8 2.188307001 -69 122
9 2.188307001 -156 139
10 2.188307001 157 96
11 2.188307001 157 78
0 2.198307001 102 42
1 2.198307001 163 137
2 2.198307001 83 134
3 2.198307001 72 121
4 2.198307001 90 32
5 2.198307001 -153 -15
6 2.198307001 -129 97
7 2.198307001 -90 171
8 2.198307001 -70 122
9 2.198307001 -157 139
10 2.198307001 158 96
11 2.198307001 159 78
0 2.208307001 103 43
1 2.208307001 164 136
2 2.208307001 85 132
3 2.208307001 74 121
4 2.208307001 92 32
5 2.208307001 -154 -16
6 2.208307001 -130 97
7 2.208307001 -91 171
8 2.208307001 -71 122
9 2.208307001 -159 139
10 2.208307001 160 96
11 2.208307001 161 78
0 2.218307001 105 43
1 2.218307001 165 136
2 2.218307001 86 132
3 2.218307001 75 121
4 2.218307001 92 32
5 2.218307001 -155 -16
6 2.218307001 -131 97
7 2.218307001 -92 172
8 2.218307001 -73 122
9 2.218307001 -160 139
10 2.218307001 160 95
11 2.218307001 162 80
0 2.228307001 107 43
1 2.228307001 167 137
2 2.228307001 88 133
3 2.228307001 76 121
4 2.228307001 95 33
5 2.228307001 -157 -16
6 2.228307001 -132 97
7 2.228307001 -92 173
8 2.228307001 -74 123
9 2.228307001 -161 139
10 2.228307001 162 96
11 2.228307001 163 80
0 2.238307001 108 43
1 2.238307001 168 137
2 2.238307001 89 133
3 2.238307001 77 122
4 2.238307001 95 32
5 2.238307001 -158 -16
6 2.238307001 -133 98
7 2.238307001 -93 173
8 2.238307001 -75 123
9 2.238307001 -163 139
10 2.238307001 163 96
11 2.238307001 164 80
0 2.248307001 109 43
1 2.248307001 169 137
2 2.248307001 89 133
3 2.248307001 78 122
4 2.248307001 97 33
5 2.248307001 -159 -16
6 2.248307001 -135 98
7 2.248307001 -94 174
8 2.248307001 -76 123
9 2.248307001 -164 139
10 2.248307001 164 97
11 2.248307001 165 81
0 2.258307001 110 45
1 2.258307001 170 138
2 2.258307001 91 133
3 2.258307001 80 122
4 2.258307001 99 33
5 2.258307001 -160 -16
6 2.258307001 -136 98
7 2.258307001 -94 174
8 2.258307001 -78 123
9 2.258307001 -165 140
10 2.258307001 166 98
11 2.258307001 167 80
0 2.268307001 112 44
1 2.268307001 170 138
2 2.268307001 93 134
3 2.268307001 81 123
4 2.268307001 100 34
5 2.268307001 -161 -16
6 2.268307001 -137 98
7 2.268307001 -95 175
8 2.268307001 -79 123
9 2.268307001 -167 140
10 2.268307001 167 98
11 2.268307001 168 81
0 2.278307001 114 45
1 2.278307001 171 139
2 2.278307001 93 134
3 2.278307001 82 123
4 2.278307001 101 35
5 2.278307001 -162 -16
6 2.278307001 -138 98
7 2.278307001 -96 176
8 2.278307001 -80 123
9 2.278307001 -168 140
10 2.278307001 168 99
11 2.278307001 170 81
0 2.288307001 115 45
1 2.288307001 173 140
2 2.288307001 95 134
3 2.288307001 84 123
4 2.288307001 103 34
5 2.288307001 -164 -16
6 2.288307001 -139 98
7 2.288307001 -96 176
8 2.288307001 -81 123
9 2.288307001 -169 140
10 2.288307001 169 99
11 2.288307001 170 82
0 2.298307001 116 45
1 2.298307001 175 139
2 2.298307001 97 135
3 2.298307001 85 123
4 2.298307001 104 36
5 2.298307001 -165 -16
6 2.298307001 -140 98
7 2.298307001 -97 177
8 2.298307001 -83 123
9 2.298307001 -170 140
10 2.298307001 170 98
11 2.298307001 171 82
0 2.308307001 117 45
1 2.308307001 175 139
2 2.308307001 98 135
3 2.308307001 86 123
4 2.308307001 105 35
5 2.308307001 -166 -16
6 2.308307001 -141 98
7 2.308307001 -97 177
8 2.308307001 -84 123
9 2.308307001 -172 140
10 2.308307001 172 99
11 2.308307001 172 82
0 2.318307001 118 45
1 2.318307001 177 138
2 2.318307001 100 134
3 2.318307001 88 123
4 2.318307001 107 35
5 2.318307001 -167 -16
6 2.318307001 -142 98
7 2.318307001 -98 178
8 2.318307001 -85 123
9 2.318307001 -173 140
10 2.318307001 173 98
11 2.318307001 174 81
0 2.328307001 119 45
1 2.328307001 178 138
2 2.328307001 101 134
3 2.328307001 89 123
4 2.328307001 108 35
5 2.328307001 -168 -16
6 2.328307001 -144 98
7 2.328307001 -99 178
8 2.328307001 -86 123
9 2.328307001 -174 140
10 2.328307001 174 97
11 2.328307001 175 81
0 2.338307001 121 45
1 2.338307001 181 138
2 2.338307001 102 133
3 2.338307001 91 123
4 2.338307001 109 35
5 2.338307001 -169 -16
6 2.338307001 -145 98
7 2.338307001 -99 179
8 2.338307001 -88 123
9 2.338307001 -176 141
10 2.338307001 176 98
11 2.338307001 178 80
0 2.348307001 123 46
1 2.348307001 182 138
2 2.348307001 104 134
3 2.348307001 93 123
4 2.348307001 111 36
5 2.348307001 -170 -16
6 2.348307001 -146 98
7 2.348307001 -100 180
8 2.348307001 -89 124
9 2.348307001 -177 141
10 2.348307001 178 98
11 2.348307001 178 81
0 2.358307001 125 45
1 2.358307001 185 139
2 2.358307001 107 134
3 2.358307001 95 123
4 2.358307001 113 35
5 2.358307001 -171 -16
6 2.358307001 -147 98
7 2.358307001 -101 180
8 2.358307001 -90 124
9 2.358307001 -178 141
10 2.358307001 179 98
11 2.358307001 180 81
0 2.368307001 126 46
1 2.368307001 186 138
2 2.368307001 108 134
3 2.368307001 98 124
4 2.368307001 115 37
5 2.368307001 -173 -16
6 2.368307001 -148 99
7 2.368307001 -101 181
8 2.368307001 -91 124
9 2.368307001 -180 141
10 2.368307001 182 98
11 2.368307001 182 81
0 2.378307001 129 47
1 2.378307001 188 138
2 2.378307001 111 134
3 2.378307001 99 124
4 2.378307001 116 37
5 2.378307001 -174 -16
6 2.378307001 -149 99
7 2.378307001 -102 181
8 2.378307001 -93 124
9 2.378307001 -181 141
10 2.378307001 183 99
11 2.378307001 184 82
0 2.388307001 130 47
1 2.388307001 190 140
2 2.388307001 112 134
3 2.388307001 101 124
4 2.388307001 119 37
5 2.388307001 -175 -16
6 2.388307001 -150 99
7 2.388307001 -102 182
8 2.388307001 -94 124
9 2.388307001 -182 141
10 2.388307001 185 99
11 2.388307001 186 82
0 2.398307001 131 47
1 2.398307001 191 139
2 2.398307001 114 135
3 2.398307001 103 125
4 2.398307001 120 36
5 2.398307001 -176 -16
6 2.398307001 -151 99
7 2.398307001 -103 183
8 2.398307001 -95 124
9 2.398307001 -183 141
10 2.398307001 186 98
11 2.398307001 187 82
0 2.408307001 134 47
1 2.408307001 193 139
2 2.408307001 115 134
3 2.408307001 104 125
4 2.408307001 122 37
5 2.408307001 -177 -16
6 2.408307001 -152 99
7 2.408307001 -103 183
8 2.408307001 -96 124
9 2.408307001 -185 141
10 2.408307001 188 98
11 2.408307001 190 81
0 2.418307001 136 46
1 2.418307001 195 139
2 2.418307001 117 133
3 2.418307001 107 124
4 2.418307001 124 36
5 2.418307001 -178 -16
6 2.418307001 -153 99
7 2.418307001 -104 184
8 2.418307001 -98 124
9 2.418307001 -186 142
10 2.418307001 191 98
11 2.418307001 191 82
0 2.428307001 138 47
1 2.428307001 196 139
2 2.428307001 119 134
3 2.428307001 108 124
4 2.428307001 126 37
5 2.428307001 -179 -16
6 2.428307001 -154 99
7 2.428307001 -105 184
8 2.428307001 -99 124
9 2.428307001 -187 142
10 2.428307001 192 99
11 2.428307001 192 82
0 2.438307001 140 47
1 2.438307001 198 139
2 2.438307001 120 133
3 2.438307001 109 124
4 2.438307001 128 36
5 2.438307001 -180 -16
6 2.438307001 -155 99
7 2.438307001 -105 185
8 2.438307001 -100 124
9 2.438307001 -188 142
10 2.438307001 194 99
11 2.438307001 194 83
0 2.448307001 141 46
1 2.448307001 200 140
2 2.448307001 123 134
3 2.448307001 112 124
4 2.448307001 130 37
5 2.448307001 -181 -16
6 2.448307001 -156 99
7 2.448307001 -106 185
8 2.448307001 -101 124
9 2.448307001 -190 142
10 2.448307001 196 99
11 2.448307001 195 83
0 2.458307001 143 47
1 2.458307001 201 140
2 2.458307001 123 133
3 2.458307001 114 124
4 2.458307001 131 37
5 2.458307001 -183 -16
6 2.458307001 -158 99
7 2.458307001 -106 186
8 2.458307001 -103 124
9 2.458307001 -191 142
10 2.458307001 197 100
11 2.458307001 198 83
0 2.468307001 145 48
1 2.468307001 203 140
2 2.468307001 126 134
3 2.468307001 115 123
4 2.468307001 133 38
5 2.468307001 -184 -16
6 2.468307001 -159 99
7 2.468307001 -107 187
8 2.468307001 -104 125
9 2.468307001 -192 142
10 2.468307001 199 100
11 2.468307001 200 84
0 2.478307001 147 48
1 2.478307001 205 140
2 2.478307001 128 134
3 2.478307001 117 125
4 2.478307001 136 38
5 2.478307001 -185 -16
6 2.478307001 -160 99
7 2.478307001 -107 187
8 2.478307001 -105 125
9 2.478307001 -193 142
10 2.478307001 202 99
11 2.478307001 202 84
0 2.488307001 149 47
1 2.488307001 208 141
2 2.488307001 129 135
3 2.488307001 119 125
4 2.488307001 137 38
5 2.488307001 -186 -16
6 2.488307001 -161 99
7 2.488307001 -108 188
8 2.488307001 -106 125
9 2.488307001 -195 142
10 2.488307001 203 100
11 2.488307001 204 83
0 2.498307001 150 48
1 2.498307001 209 140
2 2.498307001 132 135
3 2.498307001 121 125
4 2.498307001 139 39
5 2.498307001 -187 -16
6 2.498307001 -162 99
7 2.498307001 -109 188
8 2.498307001 -108 125
9 2.498307001 -196 143
10 2.498307001 205 100
11 2.498307001 206 83
0 2.508307001 152 48
1 2.508307001 211 140
2 2.508307001 133 133
3 2.508307001 123 124
4 2.508307001 141 38
5 2.508307001 -188 -16
6 2.508307001 -163 99
7 2.508307001 -109 189
8 2.508307001 -109 125
9 2.508307001 -197 143
10 2.508307001 206 98
11 2.508307001 208 82
0 2.518307001 153 48
1 2.518307001 213 140
2 2.518307001 134 133
3 2.518307001 125 125
4 2.518307001 142 38
5 2.518307001 -189 -16
6 2.518307001 -164 99
7 2.518307001 -110 189
8 2.518307001 -110 125
9 2.518307001 -199 143
10 2.518307001 208 99
11 2.518307001 209 82
0 2.528307001 155 47
1 2.528307001 215 140
2 2.528307001 136 133
3 2.528307001 127 124
4 2.528307001 144 38
5 2.528307001 -190 -16
6 2.528307001 -165 99
7 2.528307001 -110 190
8 2.528307001 -112 125
9 2.528307001 -200 143
10 2.528307001 211 98
11 2.528307001 211 82
0 2.538307001 156 48
1 2.538307001 217 140
2 2.538307001 139 134
3 2.538307001 128 124
4 2.538307001 145 38
5 2.538307001 -191 -16
6 2.538307001 -166 99
7 2.538307001 -111 191
8 2.538307001 -113 125
9 2.538307001 -201 143
10 2.538307001 212 99
11 2.538307001 213 82
0 2.548307001 158 48
1 2.548307001 218 140
2 2.548307001 140 135
3 2.548307001 130 124
4 2.548307001 147 39
5 2.548307001 -192 -16
6 2.548307001 -167 99
7 2.548307001 -111 191
8 2.548307001 -114 126
9 2.548307001 -202 143
10 2.548307001 213 100
11 2.548307001 214 82
0 2.558307001 160 48
1 2.558307001 220 141
2 2.558307001 142 135
3 2.558307001 131 125
4 2.558307001 148 39
5 2.558307001 -193 -16
6 2.558307001 -168 99
7 2.558307001 -112 192
8 2.558307001 -115 126
9 2.558307001 -204 144
10 2.558307001 215 100
11 2.558307001 216 83
0 2.568307001 161 49
1 2.568307001 221 140
2 2.568307001 142 135
3 2.568307001 133 125
4 2.568307001 150 38
5 2.568307001 -195 -16
6 2.568307001 -170 99
7 2.568307001 -113 193
8 2.568307001 -117 126
9 2.568307001 -205 144
10 2.568307001 216 99
11 2.568307001 216 83
0 2.578307001 162 49
1 2.578307001 222 140
2 2.578307001 144 135
3 2.578307001 134 125
4 2.578307001 151 39
5 2.578307001 -196 -16
6 2.578307001 -171 99
7 2.578307001 -113 193
8 2.578307001 -118 126
9 2.578307001 -206 144
10 2.578307001 217 99
11 2.578307001 218 83
0 2.588307001 164 49
1 2.588307001 224 141
2 2.588307001 145 135
3 2.588307001 135 125
4 2.588307001 153 39
5 2.588307001 -197 -16
6 2.588307001 -172 99
7 2.588307001 -114 194
8 2.588307001 -119 126
9 2.588307001 -208 144
10 2.588307001 219 100
11 2.588307001 220 84
0 2.598307001 165 48
1 2.598307001 226 140
2 2.598307001 145 134
3 2.598307001 136 125
4 2.598307001 153 38
5 2.598307001 -198 -16
6 2.598307001 -173 99
7 2.598307001 -115 194
8 2.598307001 -121 126
9 2.598307001 -209 144
10 2.598307001 220 101
11 2.598307001 221 84
0 2.608307001 166 49
1 2.608307001 226 141
2 2.608307001 147 135
3 2.608307001 137 125
4 2.608307001 154 39
5 2.608307001 -199 -16
6 2.608307001 -174 99
7 2.608307001 -115 195
8 2.608307001 -122 126
9 2.608307001 -210 144
10 2.608307001 222 100
11 2.608307001 222 84
0 2.618307001 168 48
1 2.618307001 228 141
2 2.618307001 148 135
3 2.618307001 138 125
4 2.618307001 156 39
5 2.618307001 -200 -16
6 2.618307001 -175 99
7 2.618307001 -116 196
8 2.618307001 -124 126
9 2.618307001 -212 144
10 2.618307001 223 101
11 2.618307001 223 83
0 2.628307001 169 49
1 2.628307001 228 141
2 2.628307001 149 134
3 2.628307001 139 126
4 2.628307001 157 39
5 2.628307001 -201 -16
6 2.628307001 -177 99
7 2.628307001 -116 196
8 2.628307001 -125 126
9 2.628307001 -213 144
10 2.628307001 224 101
11 2.628307001 224 84
0 2.638307001 170 49
1 2.638307001 230 141
2 2.638307001 150 135
3 2.638307001 140 126
4 2.638307001 159 40
5 2.638307001 -203 -16
6 2.638307001 -178 99
7 2.638307001 -117 197
8 2.638307001 -126 127
9 2.638307001 -215 145
10 2.638307001 225 101
11 2.638307001 225 83
0 2.648307001 171 49
1 2.648307001 231 141
2 2.648307001 151 135
3 2.648307001 142 125
4 2.648307001 159 39
5 2.648307001 -204 -16
6 2.648307001 -179 99
7 2.648307001 -118 197
8 2.648307001 -128 127
9 2.648307001 -216 145
10 2.648307001 226 99
11 2.648307001 226 84
0 2.658307001 172 49
1 2.658307001 232 141
2 2.658307001 152 135
3 2.658307001 142 125
4 2.658307001 161 40
5 2.658307001 -205 -16
6 2.658307001 -180 99
7 2.658307001 -118 198
8 2.658307001 -129 127
9 2.658307001 -217 145
10 2.658307001 227 100
11 2.658307001 227 83
0 2.668307001 172 48
1 2.668307001 234 141
2 2.668307001 153 135
3 2.668307001 143 125
4 2.668307001 161 38
5 2.668307001 -206 -16
6 2.668307001 -181 99
7 2.668307001 -119 199
8 2.668307001 -130 127
9 2.668307001 -219 145
10 2.668307001 228 99
11 2.668307001 228 84
0 2.678307001 173 48
1 2.678307001 234 140
2 2.678307001 154 135
3 2.678307001 144 124
4 2.678307001 162 39
5 2.678307001 -207 -16
6 2.678307001 -183 99
7 2.678307001 -120 199
8 2.678307001 -132 127
9 2.678307001 -220 145
10 2.678307001 229 99
11 2.678307001 229 82
0 2.688307001 175 47
1 2.688307001 235 140
2 2.688307001 155 134
3 2.688307001 145 125
4 2.688307001 163 38
5 2.688307001 -208 -16
6 2.688307001 -184 99
7 2.688307001 -120 200
8 2.688307001 -133 127
9 2.688307001 -221 145
10 2.688307001 230 100
11 2.688307001 231 82
0 2.698307001 176 48
1 2.698307001 236 140
2 2.698307001 155 134
3 2.698307001 146 124
4 2.698307001 164 38
5 2.698307001 -210 -16
6 2.698307001 -185 99
7 2.698307001 -121 201
8 2.698307001 -135 127
9 2.698307001 -223 145
10 2.698307001 230 98
11 2.698307001 231 82
0 2.708307001 176 47
1 2.708307001 237 140
2 2.708307001 157 134
3 2.708307001 146 124
4 2.708307001 164 38
5 2.708307001 -211 -16
6 2.708307001 -186 99
7 2.708307001 -122 201
8 2.708307001 -136 127
9 2.708307001 -224 145
10 2.708307001 232 99
11 2.708307001 231 81
0 2.718307001 177 47
1 2.718307001 238 139
2 2.718307001 157 133
3 2.718307001 147 124
4 2.718307001 165 38
5 2.718307001 -212 -16
6 2.718307001 -188 99
7 2.718307001 -122 202
8 2.718307001 -137 127
9 2.718307001 -226 146
10 2.718307001 232 98
11 2.718307001 232 82
0 2.728307001 177 47
1 2.728307001 238 139
2 2.728307001 158 133
3 2.728307001 148 124
4 2.728307001 165 37
5 2.728307001 -213 -16
6 2.728307001 -189 99
7 2.728307001 -123 202
8 2.728307001 -139 128
9 2.728307001 -227 146
10 2.728307001 233 98
11 2.728307001 232 82
0 2.738307001 178 47
1 2.738307001 238 140
2 2.738307001 157 132
3 2.738307001 149 123
4 2.738307001 166 38
5 2.738307001 -215 -16
6 2.738307001 -190 99
7 2.738307001 -124 203
8 2.738307001 -140 128
9 2.738307001 -229 146
10 2.738307001 234 98
11 2.738307001 234 82
0 2.748307001 178 48
1 2.748307001 238 140
2 2.748307001 159 135
3 2.748307001 149 124
4 2.748307001 166 37
5 2.748307001 -216 -15
6 2.748307001 -191 99
7 2.748307001 -125 204
8 2.748307001 -142 128
9 2.748307001 -230 146
10 2.748307001 234 98
11 2.748307001 235 81
0 2.758307001 180 48
1 2.758307001 237 141
2 2.758307001 159 134
3 2.758307001 150 124
4 2.758307001 167 38
5 2.758307001 -217 -15
6 2.758307001 -193 99
7 2.758307001 -125 204
8 2.758307001 -143 128
9 2.758307001 -231 146
10 2.758307001 235 98
11 2.758307001 235 82
0 2.768307001 179 47
1 2.768307001 237 141
2 2.768307001 160 133
3 2.768307001 151 124
4 2.768307001 168 37
5 2.768307001 -218 -15
6 2.768307001 -194 99
7 2.768307001 -126 205
8 2.768307001 -145 128
9 2.768307001 -233 146
10 2.768307001 236 98
11 2.768307001 235 81
0 2.778307001 180 46
1 2.778307001 239 141
2 2.778307001 160 133
3 2.778307001 152 124
4 2.778307001 168 37
5 2.778307001 -220 -15
6 2.778307001 -195 99
7 2.778307001 -127 205
8 2.778307001 -146 128
9 2.778307001 -234 146
10 2.778307001 236 96
11 2.778307001 235 80
0 2.788307001 181 46
1 2.788307001 236 140
2 2.788307001 161 132
3 2.788307001 152 124
4 2.788307001 169 37
5 2.788307001 -221 -15
6 2.788307001 -196 99
7 2.788307001 -127 206
8 2.788307001 -148 128
9 2.788307001 -236 146
10 2.788307001 237 96
11 2.788307001 237 79
0 2.798307001 181 45
1 2.798307001 237 140
2 2.798307001 162 133
3 2.798307001 152 123
4 2.798307001 169 36
5 2.798307001 -222 -15
6 2.798307001 -198 99
7 2.798307001 -128 207
8 2.798307001 -149 128
9 2.798307001 -237 146
10 2.798307001 238 96
11 2.798307001 238 77
0 2.808307001 182 46
1 2.808307001 238 140
2 2.808307001 162 131
3 2.808307001 153 123
4 2.808307001 169 36
5 2.808307001 -223 -15
6 2.808307001 -199 99
7 2.808307001 -129 207
8 2.808307001 -151 128
9 2.808307001 -239 147
10 2.808307001 239 95
11 2.808307001 237 77
0 2.818307001 181 45
1 2.818307001 238 140
2 2.818307001 163 131
3 2.818307001 153 121
4 2.818307001 169 35
5 2.818307001 -224 -15
6 2.818307001 -200 99
7 2.818307001 -130 208
8 2.818307001 -152 129
9 2.818307001 -240 147
10 2.818307001 238 95
11 2.818307001 238 77
0 2.828307001 182 44
1 2.828307001 236 140
2 2.828307001 164 132
3 2.828307001 154 122
4 2.828307001 170 35
5 2.828307001 -226 -15
6 2.828307001 -202 99
7 2.828307001 -130 208
8 2.828307001 -154 129
9 2.828307001 -241 147
10 2.828307001 240 95
11 2.828307001 238 77
0 2.838307001 182 43
1 2.838307001 236 141
2 2.838307001 162 130
3 2.838307001 153 122
4 2.838307001 171 35
5 2.838307001 -227 -15
6 2.838307001 -203 99
7 2.838307001 -131 209
8 2.838307001 -155 129
9 2.838307001 -243 147
10 2.838307001 238 95
11 2.838307001 239 77
0 2.848307001 183 45
1 2.848307001 236 140
2 2.848307001 164 131
3 2.848307001 154 122
4 2.848307001 172 35
5 2.848307001 -228 -15
6 2.848307001 -204 99
7 2.848307001 -132 210
8 2.848307001 -157 129
9 2.848307001 -244 147
10 2.848307001 239 94
11 2.848307001 239 77
0 2.858307001 182 45
1 2.858307001 237 141
2 2.858307001 164 131
3 2.858307001 154 122
4 2.858307001 171 35
5 2.858307001 -230 -15
6 2.858307001 -206 99
7 2.858307001 -133 210
8 2.858307001 -158 129
9 2.858307001 -246 147
10 2.858307001 239 95
11 2.858307001 240 78
0 2.868307001 182 44
1 2.868307001 237 141
2 2.868307001 164 131
3 2.868307001 155 122
4 2.868307001 173 34
5 2.868307001 -231 -15
6 2.868307001 -207 99
7 2.868307001 -133 211
8 2.868307001 -160 129
9 2.868307001 -247 147
10 2.868307001 240 94
11 2.868307001 239 77
0 2.878307001 183 45
1 2.878307001 237 141
2 2.878307001 164 130
3 2.878307001 154 123
4 2.878307001 171 36
5 2.878307001 -232 -15
6 2.878307001 -208 99
7 2.878307001 -134 211
8 2.878307001 -161 129
9 2.878307001 -249 147
10 2.878307001 240 93
11 2.878307001 239 78
0 2.888307001 183 45
1 2.888307001 236 141
2 2.888307001 164 130
3 2.888307001 153 123
4 2.888307001 171 36
5 2.888307001 -233 -15
6 2.888307001 -210 99
7 2.888307001 -135 212
8 2.888307001 -163 130
9 2.888307001 -250 147
10 2.888307001 241 92
11 2.888307001 241 80
0 2.898307001 183 45
1 2.898307001 237 140
2 2.898307001 163 129
3 2.898307001 153 124
4 2.898307001 172 36
5 2.898307001 -235 -15
6 2.898307001 -211 98
7 2.898307001 -136 213
8 2.898307001 -164 130
9 2.898307001 -252 148
10 2.898307001 241 91
11 2.898307001 238 80
0 2.908307001 183 45
1 2.908307001 237 141
2 2.908307001 163 129
3 2.908307001 154 124
4 2.908307001 172 37
5 2.908307001 -236 -15
6 2.908307001 -212 98
7 2.908307001 -136 213
8 2.908307001 -166 130
9 2.908307001 -253 148
10 2.908307001 241 91
11 2.908307001 238 79
0 2.918307001 183 46
1 2.918307001 237 141
2 2.918307001 163 129
3 2.918307001 153 125
4 2.918307001 171 36
5 2.918307001 -237 -15
6 2.918307001 -214 98
7 2.918307001 -137 214
8 2.918307001 -167 130
9 2.918307001 -255 148
10 2.918307001 240 90
11 2.918307001 237 79
0 2.928307001 183 45
1 2.928307001 237 141
2 2.928307001 164 130
3 2.928307001 155 124
4 2.928307001 172 36
5 2.928307001 -238 -15
6 2.928307001 -215 98
7 2.928307001 -138 215
8 2.928307001 -169 130
9 2.928307001 -256 148
10 2.928307001 241 90
11 2.928307001 239 80
0 2.938307001 184 46
1 2.938307001 237 141
2 2.938307001 161 128
3 2.938307001 154 122
4 2.938307001 171 37
5 2.938307001 -240 -15
6 2.938307001 -216 99
7 2.938307001 -139 215
8 2.938307001 -171 130
9 2.938307001 -258 148
10 2.938307001 239 93
11 2.938307001 238 79
0 2.948307001 183 46
1 2.948307001 238 141
2 2.948307001 163 131
3 2.948307001 155 124
4 2.948307001 171 37
5 2.948307001 -241 -15
6 2.948307001 -218 99
7 2.948307001 -139 216
8 2.948307001 -172 131
9 2.948307001 -259 148
10 2.948307001 240 96
11 2.948307001 237 78
0 2.958307001 182 46
1 2.958307001 238 141
2 2.958307001 163 131
3 2.958307001 154 122
4 2.958307001 171 37
5 2.958307001 -242 -15
6 2.958307001 -219 99
7 2.958307001 -140 217
8 2.958307001 -174 131
9 2.958307001 -260 149
10 2.958307001 239 96
11 2.958307001 238 80
0 2.968307001 182 46
1 2.968307001 238 141
2 2.968307001 163 132
3 2.968307001 154 123
4 2.968307001 170 37
5 2.968307001 -243 -15
6 2.968307001 -220 99
7 2.968307001 -141 217
8 2.968307001 -175 131
9 2.968307001 -262 149
10 2.968307001 239 96
11 2.968307001 238 81
0 2.978307001 183 46
1 2.978307001 238 141
2 2.978307001 163 132
3 2.978307001 154 125
4 2.978307001 169 37
5 2.978307001 -245 -15
6 2.978307001 -222 99
7 2.978307001 -141 218
8 2.978307001 -177 131
9 2.978307001 -263 149
10 2.978307001 240 97
11 2.978307001 238 81
0 2.988307001 182 47
1 2.988307001 239 142
2 2.988307001 163 133
3 2.988307001 154 124
4 2.988307001 170 37
5 2.988307001 -246 -15
6 2.988307001 -223 99
7 2.988307001 -142 219
8 2.988307001 -178 131
9 2.988307001 -265 149
10 2.988307001 238 96
11 2.988307001 237 81
0 2.998307001 182 46
1 2.998307001 238 142
2 2.998307001 162 132
3 2.998307001 153 124
4 2.998307001 170 38
5 2.998307001 -247 -15
6 2.998307001 -225 99
7 2.998307001 -143 219
8 2.998307001 -180 131
9 2.998307001 -266 149
10 2.998307001 239 98
11 2.998307001 239 80
0 3.008307001 182 48
1 3.008307001 236 142
2 3.008307001 161 133
3 3.008307001 153 124
4 3.008307001 170 38
5 3.008307001 -248 -15
6 3.008307001 -226 99
7 3.008307001 -144 220
8 3.008307001 -181 132
9 3.008307001 -268 149
10 3.008307001 238 98
11 3.008307001 236 81
0 3.018307001 181 48
1 3.018307001 236 142
2 3.018307001 160 133
3 3.018307001 153 125
4 3.018307001 169 39
5 3.018307001 -250 -14
6 3.018307001 -227 99
7 3.018307001 -145 221
8 3.018307001 -183 132
9 3.018307001 -270 149
10 3.018307001 238 98
11 3.018307001 238 81
0 3.028307001 181 47
1 3.028307001 237 144
2 3.028307001 159 133
3 3.028307001 152 125
4 3.028307001 169 39
5 3.028307001 -251 -14
6 3.028307001 -229 99
7 3.028307001 -145 221
8 3.028307001 -185 132
9 3.028307001 -271 150
10 3.028307001 237 98
11 3.028307001 236 81
0 3.038307001 180 48
1 3.038307001 237 144
2 3.038307001 160 132
3 3.038307001 152 125
4 3.038307001 168 38
5 3.038307001 -252 -14
6 3.038307001 -230 98
7 3.038307001 -146 222
8 3.038307001 -186 132
9 3.038307001 -273 150
10 3.038307001 238 98
11 3.038307001 237 81
0 3.048307001 181 47
1 3.048307001 236 142
2 3.048307001 161 133
3 3.048307001 151 124
4 3.048307001 168 38
5 3.048307001 -254 -14
6 3.048307001 -232 98
7 3.048307001 -147 223
8 3.048307001 -188 132
9 3.048307001 -274 150
10 3.048307001 237 98
11 3.048307001 237 80
0 3.058307001 180 47
1 3.058307001 236 141
2 3.058307001 159 132
3 3.058307001 151 124
4 3.058307001 169 38
5 3.058307001 -255 -14
6 3.058307001 -233 98
7 3.058307001 -148 223
8 3.058307001 -189 132
9 3.058307001 -276 150
10 3.058307001 237 97
11 3.058307001 236 80
0 3.068307001 179 48
1 3.068307001 237 141
2 3.068307001 160 132
3 3.068307001 151 123
4 3.068307001 167 38
5 3.068307001 -256 -15
6 3.068307001 -234 98
7 3.068307001 -149 224
8 3.068307001 -191 132
9 3.068307001 -277 150
10 3.068307001 236 95
11 3.068307001 237 79
0 3.078307001 179 46
1 3.078307001 237 140
2 3.078307001 160 132
3 3.078307001 150 124
4 3.078307001 168 37
5 3.078307001 -258 -14
6 3.078307001 -236 98
7 3.078307001 -149 224
8 3.078307001 -193 132
9 3.078307001 -279 150
10 3.078307001 237 97
11 3.078307001 236 79
0 3.088307001 179 46
1 3.088307001 236 140
2 3.088307001 160 133
3 3.088307001 150 124
4 3.088307001 166 37
5 3.088307001 -259 -14
6 3.088307001 -237 98
7 3.088307001 -150 225
8 3.088307001 -194 133
9 3.088307001 -280 150
10 3.088307001 235 97
11 3.088307001 235 80
0 3.098307001 179 47
1 3.098307001 236 141
2 3.098307001 160 134
3 3.098307001 150 125
4 3.098307001 167 38
5 3.098307001 -260 -14
6 3.098307001 -239 98
7 3.098307001 -151 226
8 3.098307001 -196 133
9 3.098307001 -282 150
10 3.098307001 236 96
11 3.098307001 235 81
0 3.108307001 178 47
1 3.108307001 236 141
2 3.108307001 159 133
3 3.108307001 151 123
4 3.108307001 166 38
5 3.108307001 -262 -14
6 3.108307001 -240 98
7 3.108307001 -152 226
8 3.108307001 -197 133
9 3.108307001 -283 150
10 3.108307001 235 97
11 3.108307001 234 81
0 3.118307001 179 46
1 3.118307001 237 141
2 3.118307001 158 132
3 3.118307001 150 123
4 3.118307001 166 38
5 3.118307001 -263 -14
6 3.118307001 -241 98
7 3.118307001 -153 227
8 3.118307001 -199 133
9 3.118307001 -285 150
10 3.118307001 236 98
11 3.118307001 234 81
0 3.128307001 179 48
1 3.128307001 237 141
2 3.128307001 158 133
3 3.128307001 149 124
4 3.128307001 166 38
5 3.128307001 -264 -14
6 3.128307001 -243 98
7 3.128307001 -153 228
8 3.128307001 -201 133
9 3.128307001 -286 151
10 3.128307001 235 97
11 3.128307001 234 81
0 3.138307001 178 47
1 3.138307001 237 142
2 3.138307001 158 135
3 3.138307001 149 125
4 3.138307001 165 38
5 3.138307001 -265 -14
6 3.138307001 -244 98
7 3.138307001 -154 228
8 3.138307001 -202 133
9 3.138307001 -288 151
10 3.138307001 234 97
11 3.138307001 233 81
0 3.148307001 178 47
1 3.148307001 237 142
2 3.148307001 157 134
3 3.148307001 149 125
4 3.148307001 165 38
5 3.148307001 -267 -14
6 3.148307001 -246 98
7 3.148307001 -155 229
8 3.148307001 -204 134
9 3.148307001 -289 151
10 3.148307001 234 98
11 3.148307001 234 81
0 3.158307001 177 48
1 3.158307001 237 139
2 3.158307001 157 135
3 3.158307001 148 124
4 3.158307001 164 38
5 3.158307001 -268 -14
6 3.158307001 -247 98
7 3.158307001 -156 230
8 3.158307001 -206 134
9 3.158307001 -291 151
10 3.158307001 234 98
11 3.158307001 233 81
0 3.168307001 176 48
1 3.168307001 238 140
2 3.168307001 156 134
3 3.168307001 147 125
4 3.168307001 163 38
5 3.168307001 -269 -14
6 3.168307001 -249 98
7 3.168307001 -157 230
8 3.168307001 -207 134
9 3.168307001 -292 151
10 3.168307001 232 97
11 3.168307001 232 81
0 3.178307001 175 47
1 3.178307001 237 138
2 3.178307001 155 134
3 3.178307001 147 126
4 3.178307001 162 38
5 3.178307001 -271 -14
6 3.178307001 -250 98
7 3.178307001 -158 231
8 3.178307001 -209 134
9 3.178307001 -294 151
10 3.178307001 232 98
11 3.178307001 231 81
0 3.188307001 174 47
1 3.188307001 236 139
2 3.188307001 154 135
3 3.188307001 146 124
4 3.188307001 161 38
5 3.188307001 -272 -14
6 3.188307001 -252 98
7 3.188307001 -158 232
8 3.188307001 -211 134
9 3.188307001 -296 151
10 3.188307001 230 98
11 3.188307001 231 80
0 3.198307001 172 47
1 3.198307001 235 138
2 3.198307001 153 134
3 3.198307001 145 124
4 3.198307001 160 38
5 3.198307001 -274 -14
6 3.198307001 -253 98
7 3.198307001 -159 232
8 3.198307001 -212 134
9 3.198307001 -297 152
10 3.198307001 229 98
11 3.198307001 229 80
0 3.208307001 172 46
1 3.208307001 234 138
2 3.208307001 153 135
3 3.208307001 144 125
4 3.208307001 159 37
5 3.208307001 -275 -14
6 3.208307001 -255 98
7 3.208307001 -160 233
8 3.208307001 -214 135
9 3.208307001 -299 152
10 3.208307001 228 97
11 3.208307001 228 80
0 3.218307001 171 47
1 3.218307001 232 138
2 3.218307001 151 134
3 3.218307001 143 124
4 3.218307001 158 38
5 3.218307001 -276 -14
6 3.218307001 -256 98
7 3.218307001 -161 233
8 3.218307001 -216 135
9 3.218307001 -301 152
10 3.218307001 227 98
11 3.218307001 227 80
0 3.228307001 170 47
1 3.228307001 232 137
2 3.228307001 150 135
3 3.228307001 142 124
4 3.228307001 158 38
5 3.228307001 -278 -14
6 3.228307001 -258 98
7 3.228307001 -162 234
8 3.228307001 -217 135
9 3.228307001 -302 152
10 3.228307001 226 97
11 3.228307001 227 79
0 3.238307001 168 48
1 3.238307001 231 138
2 3.238307001 149 135
3 3.238307001 141 125
4 3.238307001 156 38
5 3.238307001 -279 -14
6 3.238307001 -259 98
7 3.238307001 -163 235
8 3.238307001 -219 135
9 3.238307001 -304 152
10 3.238307001 225 97
11 3.238307001 225 80
0 3.248307001 166 47
1 3.248307001 230 139
2 3.248307001 148 135
3 3.248307001 139 124
4 3.248307001 154 39
5 3.248307001 -281 -14
6 3.248307001 -261 98
7 3.248307001 -164 236
8 3.248307001 -221 135
9 3.248307001 -305 152
10 3.248307001 223 97
11 3.248307001 225 79
0 3.258307001 165 48
1 3.258307001 227 138
2 3.258307001 147 135
3 3.258307001 138 124
4 3.258307001 153 38
5 3.258307001 -282 -13
6 3.258307001 -262 98
7 3.258307001 -165 236
8 3.258307001 -223 135
9 3.258307001 -307 152
10 3.258307001 221 98
11 3.258307001 222 80
0 3.268307001 163 48
1 3.268307001 227 139
2 3.268307001 145 136
3 3.268307001 136 125
4 3.268307001 152 38
5 3.268307001 -283 -13
6 3.268307001 -264 98
7 3.268307001 -166 237
8 3.268307001 -224 136
9 3.268307001 -309 153
10 3.268307001 220 98
11 3.268307001 221 81
0 3.278307001 163 48
1 3.278307001 224 139
2 3.278307001 143 135
3 3.278307001 135 125
4 3.278307001 151 39
5 3.278307001 -285 -13
6 3.278307001 -265 98
7 3.278307001 -167 238
8 3.278307001 -226 136
9 3.278307001 -311 153
10 3.278307001 219 98
11 3.278307001 220 82
0 3.288307001 161 48
1 3.288307001 223 139
2 3.288307001 142 135
3 3.288307001 133 126
4 3.288307001 149 38
5 3.288307001 -286 -13
6 3.288307001 -267 98
7 3.288307001 -168 238
8 3.288307001 -228 136
9 3.288307001 -312 153
10 3.288307001 218 98
11 3.288307001 217 81
0 3.298307001 160 49
1 3.298307001 220 139
2 3.298307001 141 137
3 3.298307001 132 125
4 3.298307001 148 39
5 3.298307001 -288 -13
6 3.298307001 -268 98
7 3.298307001 -169 239
8 3.298307001 -230 136
9 3.298307001 -314 153
10 3.298307001 217 99
11 3.298307001 216 82
0 3.308307001 157 49
1 3.308307001 220 139
2 3.308307001 140 137
3 3.308307001 132 126
4 3.308307001 146 39
5 3.308307001 -289 -13
6 3.308307001 -270 98
7 3.308307001 -170 240
8 3.308307001 -231 136
9 3.308307001 -316 153
10 3.308307001 215 98
11 3.308307001 215 81
0 3.318307001 157 48
1 3.318307001 220 139
2 3.318307001 138 135
3 3.318307001 129 126
4 3.318307001 145 39
5 3.318307001 -291 -13
6 3.318307001 -271 98
7 3.318307001 -171 240
8 3.318307001 -233 136
9 3.318307001 -317 153
10 3.318307001 212 98
11 3.318307001 214 81
0 3.328307001 155 48
1 3.328307001 217 139
2 3.328307001 136 135
3 3.328307001 128 126
4 3.328307001 143 39
5 3.328307001 -292 -13
6 3.328307001 -273 98
7 3.328307001 -172 241
8 3.328307001 -235 137
9 3.328307001 -319 153
10 3.328307001 212 98
11 3.328307001 212 82
0 3.338307001 153 49
1 3.338307001 216 140
2 3.338307001 135 136
3 3.338307001 127 127
4 3.338307001 141 39
5 3.338307001 -294 -13
6 3.338307001 -275 98
7 3.338307001 -173 242
8 3.338307001 -237 137
9 3.338307001 -321 154
10 3.338307001 210 97
11 3.338307001 211 81
0 3.348307001 152 48
1 3.348307001 214 139
2 3.348307001 134 136
3 3.348307001 125 126
4 3.348307001 140 39
5 3.348307001 -295 -13
6 3.348307001 -276 98
7 3.348307001 -174 242
8 3.348307001 -238 137
9 3.348307001 -322 154
10 3.348307001 209 99
11 3.348307001 209 82
0 3.358307001 151 49
1 3.358307001 213 139
2 3.358307001 133 136
3 3.358307001 124 126
4 3.358307001 138 39
5 3.358307001 -297 -13
6 3.358307001 -278 98
7 3.358307001 -175 243
8 3.358307001 -240 137
9 3.358307001 -324 154
10 3.358307001 207 98
11 3.358307001 207 82
0 3.368307001 149 49
1 3.368307001 211 139
2 3.368307001 131 136
3 3.368307001 123 127
4 3.368307001 137 39
5 3.368307001 -298 -13
6 3.368307001 -279 98
7 3.368307001 -176 244
8 3.368307001 -242 137
9 3.368307001 -326 154
10 3.368307001 205 98
11 3.368307001 206 81
0 3.378307001 147 49
1 3.378307001 210 139
2 3.378307001 129 136
3 3.378307001 122 126
4 3.378307001 135 40
5 3.378307001 -300 -13
6 3.378307001 -281 98
7 3.378307001 -177 244
8 3.378307001 -244 137
9 3.378307001 -328 154
10 3.378307001 204 99
11 3.378307001 204 81
0 3.388307001 146 48
1 3.388307001 207 138
2 3.388307001 128 136
3 3.388307001 120 126
4 3.388307001 134 39
5 3.388307001 -301 -13
6 3.388307001 -283 98
7 3.388307001 -178 245
8 3.388307001 -246 138
9 3.388307001 -329 154
10 3.388307001 203 98
11 3.388307001 203 81
0 3.398307001 144 49
1 3.398307001 207 138
2 3.398307001 127 136
3 3.398307001 118 127
4 3.398307001 132 39
5 3.398307001 -303 -13
6 3.398307001 -284 98
7 3.398307001 -179 246
8 3.398307001 -247 138
9 3.398307001 -331 154
10 3.398307001 201 98
11 3.398307001 201 80
0 3.408307001 143 48
1 3.408307001 205 138
2 3.408307001 125 134
3 3.408307001 117 126
4 3.408307001 131 39
5 3.408307001 -304 -13
6 3.408307001 -286 98
7 3.408307001 -180 246
8 3.408307001 -249 138
9 3.408307001 -333 154
10 3.408307001 200 96
11 3.408307001 200 80
0 3.418307001 141 48
1 3.418307001 204 138
2 3.418307001 122 135
3 3.418307001 116 126
4 3.418307001 129 39
5 3.418307001 -305 -12
6 3.418307001 -287 98
7 3.418307001 -181 247
8 3.418307001 -251 138
9 3.418307001 -334 155
10 3.418307001 197 98
11 3.418307001 199 80
0 3.428307001 140 48
1 3.428307001 203 139
2 3.428307001 122 135
3 3.428307001 114 127
4 3.428307001 128 40
5 3.428307001 -307 -12
6 3.428307001 -289 98
7 3.428307001 -182 248
8 3.428307001 -253 138
9 3.428307001 -336 155
10 3.428307001 196 98
11 3.428307001 198 81
0 3.438307001 139 49
1 3.438307001 202 138
2 3.438307001 121 137
3 3.438307001 113 126
4 3.438307001 126 39
5 3.438307001 -308 -12
6 3.438307001 -290 98
7 3.438307001 -183 248
8 3.438307001 -254 138
9 3.438307001 -338 155
10 3.438307001 195 98
11 3.438307001 195 82
0 3.448307001 137 49
1 3.448307001 200 139
2 3.448307001 119 136
3 3.448307001 111 126
4 3.448307001 125 39
5 3.448307001 -310 -12
6 3.448307001 -292 98
7 3.448307001 -184 249
8 3.448307001 -256 139
9 3.448307001 -339 155
10 3.448307001 193 98
11 3.448307001 194 82
0 3.458307001 135 49
1 3.458307001 198 139
2 3.458307001 118 137
3 3.458307001 109 127
4 3.458307001 123 40
5 3.458307001 -311 -12
6 3.458307001 -294 98
7 3.458307001 -185 250
8 3.458307001 -258 139
9 3.458307001 -341 155
10 3.458307001 193 98
11 3.458307001 192 81
0 3.468307001 134 49
1 3.468307001 196 139
2 3.468307001 116 136
3 3.468307001 107 127
4 3.468307001 122 39
5 3.468307001 -313 -12
6 3.468307001 -295 98
7 3.468307001 -186 250
8 3.468307001 -260 139
9 3.468307001 -343 155
10 3.468307001 190 98
11 3.468307001 191 82
0 3.478307001 133 49
1 3.478307001 195 139
2 3.478307001 114 136
3 3.478307001 106 127
4 3.478307001 121 40
5 3.478307001 -314 -12
6 3.478307001 -297 98
7 3.478307001 -187 251
8 3.478307001 -262 139
9 3.478307001 -344 156
10 3.478307001 189 98
11 3.478307001 189 82
0 3.488307001 131 49
1 3.488307001 193 139
2 3.488307001 112 136
3 3.488307001 104 127
4 3.488307001 119 39
5 3.488307001 -316 -12
6 3.488307001 -298 98
7 3.488307001 -188 252
8 3.488307001 -263 139
9 3.488307001 -346 156
10 3.488307001 187 98
11 3.488307001 188 82
0 3.498307001 130 49
1 3.498307001 192 139
2 3.498307001 111 137
3 3.498307001 103 127
4 3.498307001 118 39
5 3.498307001 -317 -12
6 3.498307001 -300 98
7 3.498307001 -189 252
8 3.498307001 -265 140
9 3.498307001 -348 156
10 3.498307001 185 98
11 3.498307001 187 82
0 3.508307001 128 48
1 3.508307001 189 140
2 3.508307001 109 136
3 3.508307001 101 126
4 3.508307001 115 39
5 3.508307001 -319 -12
6 3.508307001 -302 98
7 3.508307001 -190 253
8 3.508307001 -267 140
9 3.508307001 -350 156
10 3.508307001 184 99
11 3.508307001 185 82
0 3.518307001 126 49
1 3.518307001 187 140
2 3.518307001 108 137
3 3.518307001 100 126
4 3.518307001 113 39
5 3.518307001 -320 -11
6 3.518307001 -303 98
7 3.518307001 -191 254
8 3.518307001 -269 140
9 3.518307001 -351 156
10 3.518307001 182 99
11 3.518307001 183 83
0 3.528307001 125 49
1 3.528307001 187 139
2 3.528307001 106 136
3 3.528307001 97 126
4 3.528307001 113 39
5 3.528307001 -322 -11
6 3.528307001 -305 98
7 3.528307001 -192 255
8 3.528307001 -271 140
9 3.528307001 -353 156
10 3.528307001 182 99
11 3.528307001 181 82
0 3.538307001 123 48
1 3.538307001 185 139
2 3.538307001 105 137
3 3.538307001 96 126
4 3.538307001 111 38
5 3.538307001 -323 -11
6 3.538307001 -306 98
7 3.538307001 -193 255
8 3.538307001 -272 140
9 3.538307001 -355 157
10 3.538307001 180 99
11 3.538307001 180 83
0 3.548307001 122 48
1 3.548307001 183 139
2 3.548307001 103 136
3 3.548307001 94 126
4 3.548307001 109 39
5 3.548307001 -325 -11
6 3.548307001 -308 98
7 3.548307001 -194 256
8 3.548307001 -274 140
9 3.548307001 -357 157
10 3.548307001 178 98
11 3.548307001 179 82
0 3.558307001 121 48
1 3.558307001 182 139
2 3.558307001 101 136
3 3.558307001 92 127
4 3.558307001 108 38
5 3.558307001 -326 -11
6 3.558307001 -310 98
7 3.558307001 -195 257
8 3.558307001 -276 141
9 3.558307001 -358 157
10 3.558307001 176 98
11 3.558307001 177 82
0 3.568307001 119 48
1 3.568307001 181 140
2 3.568307001 100 135
3 3.568307001 91 126
4 3.568307001 107 38
5 3.568307001 -328 -11
6 3.568307001 -311 98
7 3.568307001 -196 257
8 3.568307001 -278 141
9 3.568307001 -360 157
10 3.568307001 175 98
11 3.568307001 175 82
0 3.578307001 118 48
1 3.578307001 178 140
2 3.578307001 98 135
3 3.578307001 89 126
4 3.578307001 105 37
5 3.578307001 -329 -11
6 3.578307001 -313 98
7 3.578307001 -198 258
8 3.578307001 -280 141
9 3.578307001 -362 157
10 3.578307001 174 98
11 3.578307001 174 82
0 3.588307001 116 47
1 3.588307001 176 140
2 3.588307001 94 135
3 3.588307001 87 126
4 3.588307001 103 37
5 3.588307001 -331 -11
6 3.588307001 -314 98
7 3.588307001 -199 258
8 3.588307001 -281 141
9 3.588307001 -364 157
10 3.588307001 172 98
11 3.588307001 172 82
0 3.598307001 114 47
1 3.598307001 175 140
2 3.598307001 93 135
3 3.598307001 85 125
4 3.598307001 102 37
5 3.598307001 -332 -11
6 3.598307001 -316 98
7 3.598307001 -200 259
8 3.598307001 -283 141
9 3.598307001 -365 157
10 3.598307001 170 98
11 3.598307001 171 82
0 3.608307001 112 47
1 3.608307001 172 140
2 3.608307001 91 135
3 3.608307001 83 125
4 3.608307001 101 37
5 3.608307001 -334 -11
6 3.608307001 -318 98
7 3.608307001 -201 260
8 3.608307001 -285 141
9 3.608307001 -367 158
10 3.608307001 168 100
11 3.608307001 169 82
0 3.618307001 111 46
1 3.618307001 170 140
2 3.618307001 90 134
3 3.618307001 82 124
4 3.618307001 98 36
5 3.618307001 -335 -11
6 3.618307001 -319 98
7 3.618307001 -202 261
8 3.618307001 -287 142
9 3.618307001 -369 158
10 3.618307001 166 99
11 3.618307001 168 82
0 3.628307001 110 46
1 3.628307001 169 140
2 3.628307001 88 135
3 3.628307001 79 124
4 3.628307001 97 36
5 3.628307001 -337 -11
6 3.628307001 -321 99
7 3.628307001 -203 261
8 3.628307001 -289 142
9 3.628307001 -371 158
10 3.628307001 165 99
11 3.628307001 166 82
0 3.638307001 107 46
1 3.638307001 166 139
2 3.638307001 85 133
3 3.638307001 77 124
4 3.638307001 95 35
5 3.638307001 -339 -11
6 3.638307001 -323 98
7 3.638307001 -204 262
8 3.638307001 -291 142
9 3.638307001 -372 158
10 3.638307001 163 98
11 3.638307001 164 82
0 3.648307001 105 46
1 3.648307001 165 139
2 3.648307001 84 134
3 3.648307001 76 124
4 3.648307001 94 35
5 3.648307001 -340 -11
6 3.648307001 -324 98
7 3.648307001 -205 263
8 3.648307001 -292 142
9 3.648307001 -374 158
10 3.648307001 161 98
11 3.648307001 161 81
0 3.658307001 104 46
1 3.658307001 164 139
2 3.658307001 83 134
3 3.658307001 74 124
4 3.658307001 92 36
5 3.658307001 -342 -10
6 3.658307001 -326 98
7 3.658307001 -206 263
8 3.658307001 -294 142
9 3.658307001 -376 158
10 3.658307001 160 99
11 3.658307001 161 82
0 3.668307001 102 46
1 3.668307001 161 139
2 3.668307001 81 135
3 3.668307001 72 124
4 3.668307001 90 36
5 3.668307001 -343 -10
6 3.668307001 -327 99
7 3.668307001 -207 264
8 3.668307001 -296 142
9 3.668307001 -378 158
10 3.668307001 158 99
11 3.668307001 158 82
0 3.678307001 100 46
1 3.678307001 160 139
2 3.678307001 78 135
3 3.678307001 70 125
4 3.678307001 87 35
5 3.678307001 -345 -10
6 3.678307001 -329 99
7 3.678307001 -209 265
8 3.678307001 -298 143
9 3.678307001 -379 159
10 3.678307001 155 99
11 3.678307001 157 82
0 3.688307001 99 45
1 3.688307001 158 139
2 3.688307001 76 135
3 3.688307001 69 124
4 3.688307001 86 35
5 3.688307001 -346 -10
6 3.688307001 -331 99
7 3.688307001 -210 265
8 3.688307001 -300 143
9 3.688307001 -381 159
10 3.688307001 154 98
11 3.688307001 155 82
0 3.698307001 96 45
1 3.698307001 157 139
2 3.698307001 75 135
3 3.698307001 67 124
4 3.698307001 84 35
5 3.698307001 -348 -10
6 3.698307001 -332 99
7 3.698307001 -211 266
8 3.698307001 -302 143
9 3.698307001 -383 159
10 3.698307001 153 97
11 3.698307001 153 81
0 3.708307001 94 44
1 3.708307001 155 138
2 3.708307001 73 134
3 3.708307001 64 123
4 3.708307001 82 34
5 3.708307001 -349 -10
6 3.708307001 -334 98
7 3.708307001 -212 267
8 3.708307001 -303 143
9 3.708307001 -385 159
10 3.708307001 150 97
11 3.708307001 152 81
0 3.718307001 92 45
1 3.718307001 154 138
2 3.718307001 71 134
3 3.718307001 63 124
4 3.718307001 80 34
5 3.718307001 -351 -10
6 3.718307001 -336 99
7 3.718307001 -213 267
8 3.718307001 -305 143
9 3.718307001 -386 159
10 3.718307001 148 97
11 3.718307001 150 80
0 3.728307001 90 44
1 3.728307001 151 137
2 3.728307001 69 134
3 3.728307001 61 123
4 3.728307001 78 33
5 3.728307001 -352 -10
6 3.728307001 -337 98
7 3.728307001 -214 268
8 3.728307001 -307 143
9 3.728307001 -388 159
10 3.728307001 147 96
11 3.728307001 148 81
0 3.738307001 89 43
1 3.738307001 150 138
2 3.738307001 68 134
3 3.738307001 58 122
4 3.738307001 76 33
5 3.738307001 -354 -10
6 3.738307001 -339 98
7 3.738307001 -215 269
8 3.738307001 -309 144
9 3.738307001 -390 159
10 3.738307001 146 97
11 3.738307001 146 80
0 3.748307001 87 44
1 3.748307001 148 137
2 3.748307001 66 133
3 3.748307001 57 123
4 3.748307001 73 33
5 3.748307001 -355 -10
6 3.748307001 -340 98
7 3.748307001 -216 269
8 3.748307001 -311 144
9 3.748307001 -392 159
10 3.748307001 143 96
11 3.748307001 144 79
0 3.758307001 85 43
1 3.758307001 146 137
2 3.758307001 63 134
3 3.758307001 55 124
4 3.758307001 72 33
5 3.758307001 -357 -10
6 3.758307001 -342 99
7 3.758307001 -217 270
8 3.758307001 -313 144
9 3.758307001 -393 160
10 3.758307001 141 96
11 3.758307001 143 80
0 3.768307001 83 43
1 3.768307001 144 138
2 3.768307001 61 133
3 3.768307001 52 124
4 3.768307001 70 33
5 3.768307001 -358 -10
6 3.768307001 -344 99
7 3.768307001 -218 271
8 3.768307001 -314 144
9 3.768307001 -395 160
10 3.768307001 139 96
11 3.768307001 141 80
0 3.778307001 81 43
1 3.778307001 143 137
2 3.778307001 60 133
3 3.778307001 51 124
4 3.778307001 68 32
5 3.778307001 -360 -10
6 3.778307001 -345 99
7 3.778307001 -219 272
8 3.778307001 -316 144
9 3.778307001 -397 160
10 3.778307001 138 96
11 3.778307001 139 80
0 3.788307001 79 43
1 3.788307001 141 138
2 3.788307001 57 133
3 3.788307001 48 123
4 3.788307001 66 33
5 3.788307001 -361 -10
6 3.788307001 -347 99
7 3.788307001 -221 272
8 3.788307001 -318 144
9 3.788307001 -399 160
10 3.788307001 136 96
11 3.788307001 137 80
0 3.798307001 78 42
1 3.798307001 139 138
2 3.798307001 56 133
3 3.798307001 47 123
4 3.798307001 64 32
5 3.798307001 -363 -9
6 3.798307001 -349 99
7 3.798307001 -222 273
8 3.798307001 -320 145
9 3.798307001 -400 160
10 3.798307001 135 96
11 3.798307001 136 80
0 3.808307001 75 43
1 3.808307001 138 138
2 3.808307001 54 133
3 3.808307001 44 123
4 3.808307001 63 32
5 3.808307001 -364 -9
6 3.808307001 -350 99
7 3.808307001 -223 274
8 3.808307001 -322 145
9 3.808307001 -402 160
10 3.808307001 133 97
11 3.808307001 134 80
0 3.818307001 73 42
1 3.818307001 135 137
2 3.818307001 51 132
3 3.818307001 43 123
4 3.818307001 61 31
5 3.818307001 -366 -9
6 3.818307001 -352 98
7 3.818307001 -224 274
8 3.818307001 -324 145
9 3.818307001 -404 160
10 3.818307001 130 96
11 3.818307001 132 80
0 3.828307001 72 42
1 3.828307001 134 137
2 3.828307001 49 133
3 3.828307001 40 124
4 3.828307001 59 32
5 3.828307001 -367 -9
6 3.828307001 -353 99
7 3.828307001 -225 275
8 3.828307001 -325 145
9 3.828307001 -405 161
10 3.828307001 130 97
11 3.828307001 130 79
0 3.838307001 70 42
1 3.838307001 132 138
2 3.838307001 48 133
3 3.838307001 39 123
4 3.838307001 57 31
5 3.838307001 -369 -9
6 3.838307001 -355 99
7 3.838307001 -226 276
8 3.838307001 -327 145
9 3.838307001 -407 161
10 3.838307001 128 96
11 3.838307001 129 80
0 3.848307001 69 43
1 3.848307001 131 138
2 3.848307001 47 135
3 3.848307001 38 123
4 3.848307001 56 32
5 3.848307001 -370 -9
6 3.848307001 -356 99
7 3.848307001 -227 276
8 3.848307001 -329 145
9 3.848307001 -409 161
10 3.848307001 127 97
11 3.848307001 128 80
0 3.858307001 67 43
1 3.858307001 130 139
2 3.858307001 45 134
3 3.858307001 36 123
4 3.858307001 54 31
5 3.858307001 -372 -9
6 3.858307001 -358 99
7 3.858307001 -228 277
8 3.858307001 -331 146
9 3.858307001 -410 161
10 3.858307001 126 97
11 3.858307001 126 80
0 3.868307001 66 43
1 3.868307001 128 139
2 3.868307001 43 134
3 3.868307001 34 124
4 3.868307001 53 32
5 3.868307001 -373 -9
6 3.868307001 -360 99
7 3.868307001 -229 278
8 3.868307001 -332 146
9 3.868307001 -412 161
10 3.868307001 124 98
11 3.868307001 125 80
0 3.878307001 64 42
1 3.878307001 127 139
2 3.878307001 42 134
3 3.878307001 32 124
4 3.878307001 51 31
5 3.878307001 -374 -9
6 3.878307001 -361 99
7 3.878307001 -230 278
8 3.878307001 -334 146
9 3.878307001 -414 161
10 3.878307001 122 97
11 3.878307001 123 81
0 3.888307001 63 43
1 3.888307001 126 139
2 3.888307001 40 135
3 3.888307001 30 124
4 3.888307001 49 31
5 3.888307001 -376 -9
6 3.888307001 -363 99
7 3.888307001 -231 279
8 3.888307001 -336 146
9 3.888307001 -415 162
10 3.888307001 120 96
11 3.888307001 122 80
