0 21.390900999 126 50
1 21.390900999 175 133
2 21.390900999 52 98
3 21.390900999 110 123
4 21.390900999 136 151
5 21.390900999 36 86
6 21.390900999 100 110
7 21.390900999 54 43
8 21.390900999 203 25
9 21.390900999 181 79
10 21.390900999 31 37
11 21.390900999 169 90
0 21.400900999 123 49
1 21.400900999 172 132
2 21.400900999 50 97
3 21.400900999 107 122
4 21.400900999 133 149
5 21.400900999 33 84
6 21.400900999 97 108
7 21.400900999 52 43
8 21.400900999 200 24
9 21.400900999 178 77
10 21.400900999 28 36
11 21.400900999 166 89
0 21.410900999 119 49
1 21.410900999 169 131
2 21.410900999 45 97
3 21.410900999 103 122
4 21.410900999 129 149
5 21.410900999 28 84
6 21.410900999 93 108
7 21.410900999 48 42
8 21.410900999 196 24
9 21.410900999 173 77
10 21.410900999 24 35
11 21.410900999 162 88
0 21.420900999 116 49
1 21.420900999 165 130
2 21.420900999 43 97
3 21.420900999 101 122
4 21.420900999 126 150
5 21.420900999 25 84
6 21.420900999 90 108
7 21.420900999 45 43
8 21.420900999 192 25
9 21.420900999 170 78
10 21.420900999 20 36
11 21.420900999 158 89
0 21.430900999 113 49
1 21.430900999 162 130
2 21.430900999 39 97
3 21.430900999 98 122
4 21.430900999 123 149
5 21.430900999 22 85
6 21.430900999 88 108
7 21.430900999 43 43
8 21.430900999 189 25
9 21.430900999 167 78
10 21.430900999 17 36
11 21.430900999 155 88
0 21.440900999 111 50
1 21.440900999 159 130
2 21.440900999 37 98
3 21.440900999 95 122
4 21.440900999 121 149
5 21.440900999 20 85
6 21.440900999 85 108
7 21.440900999 39 43
8 21.440900999 185 25
9 21.440900999 165 78
10 21.440900999 15 36
11 21.440900999 154 88
0 21.450900999 109 49
1 21.450900999 157 129
2 21.450900999 35 98
3 21.450900999 94 122
4 21.450900999 120 148
5 21.450900999 18 85
6 21.450900999 83 108
7 21.450900999 37 43
8 21.450900999 182 26
9 21.450900999 162 78
10 21.450900999 11 36
11 21.450900999 150 88
0 21.460900999 107 50
1 21.460900999 155 129
2 21.460900999 33 97
3 21.460900999 92 121
4 21.460900999 118 147
5 21.460900999 16 84
6 21.460900999 82 108
7 21.460900999 35 42
8 21.460900999 179 26
9 21.460900999 160 78
10 21.460900999 9 35
11 21.460900999 148 88
0 21.470900999 105 50
1 21.470900999 152 128
2 21.470900999 31 97
3 21.470900999 90 121
4 21.470900999 116 147
5 21.470900999 13 84
6 21.470900999 80 108
7 21.470900999 33 42
8 21.470900999 177 26
9 21.470900999 158 77
10 21.470900999 7 35
11 21.470900999 147 87
0 21.480900999 103 49
1 21.480900999 150 128
2 21.480900999 29 96
3 21.480900999 88 120
4 21.480900999 114 147
5 21.480900999 11 84
6 21.480900999 78 107
7 21.480900999 31 42
8 21.480900999 175 25
9 21.480900999 155 77
10 21.480900999 4 34
11 21.480900999 145 87
0 21.490900999 101 49
1 21.490900999 149 128
2 21.490900999 27 95
3 21.490900999 86 119
4 21.490900999 113 147
5 21.490900999 10 83
6 21.490900999 75 107
7 21.490900999 29 40
8 21.490900999 173 27
9 21.490900999 154 77
10 21.490900999 4 33
11 21.490900999 142 87
0 21.500900999 99 49
1 21.500900999 147 128
2 21.500900999 26 95
3 21.500900999 85 119
4 21.500900999 111 146
5 21.500900999 8 82
6 21.500900999 75 106
7 21.500900999 28 40
8 21.500900999 172 27
9 21.500900999 153 77
10 21.500900999 2 32
11 21.500900999 141 87
0 21.510900999 99 49
1 21.510900999 146 128
2 21.510900999 25 94
3 21.510900999 83 118
4 21.510900999 109 146
5 21.510900999 6 81
6 21.510900999 73 106
7 21.510900999 27 40
8 21.510900999 171 27
9 21.510900999 151 77
10 21.510900999 1 32
11 21.510900999 139 88
0 21.520900999 98 48
1 21.520900999 144 128
2 21.520900999 24 93
3 21.520900999 83 118
4 21.520900999 108 146
5 21.520900999 6 81
6 21.520900999 72 105
7 21.520900999 27 39
8 21.520900999 170 28
9 21.520900999 150 77
10 21.520900999 1 30
11 21.520900999 139 88
0 21.530900999 98 48
1 21.530900999 143 128
2 21.530900999 23 93
3 21.530900999 82 118
4 21.530900999 107 146
5 21.530900999 5 80
6 21.530900999 71 105
7 21.530900999 27 39
8 21.530900999 169 28
9 21.530900999 149 78
10 21.530900999 1 30
11 21.530900999 138 88
0 21.540900999 98 48
1 21.540900999 143 127
2 21.540900999 23 92
3 21.540900999 82 118
4 21.540900999 106 146
5 21.540900999 6 79
6 21.540900999 71 104
7 21.540900999 26 38
8 21.540900999 169 30
9 21.540900999 148 78
10 21.540900999 1 29
11 21.540900999 138 87
0 21.550900999 98 48
1 21.550900999 142 127
2 21.550900999 24 91
3 21.550900999 81 117
4 21.550900999 104 145
5 21.550900999 5 79
6 21.550900999 71 104
7 21.550900999 26 38
8 21.550900999 169 30
9 21.550900999 147 78
10 21.550900999 1 29
11 21.550900999 137 87
0 21.560900999 97 48
1 21.560900999 141 127
2 21.560900999 23 90
3 21.560900999 80 116
4 21.560900999 103 145
5 21.560900999 5 77
6 21.560900999 70 104
7 21.560900999 27 37
8 21.560900999 169 30
9 21.560900999 147 78
10 21.560900999 1 28
11 21.560900999 136 87
0 21.570900999 97 48
1 21.570900999 139 128
2 21.570900999 21 89
3 21.570900999 79 116
4 21.570900999 102 143
5 21.570900999 3 76
6 21.570900999 70 103
7 21.570900999 26 36
8 21.570900999 166 30
9 21.570900999 146 78
10 21.570900999 1 27
11 21.570900999 135 87
0 21.580900999 96 48
1 21.580900999 138 127
2 21.580900999 20 88
3 21.580900999 78 116
4 21.580900999 100 143
5 21.580900999 3 76
6 21.580900999 68 103
7 21.580900999 24 35
8 21.580900999 165 31
9 21.580900999 144 79
10 21.580900999 2 25
11 21.580900999 134 87
0 21.590900999 95 49
1 21.590900999 137 127
2 21.590900999 18 88
3 21.590900999 76 115
4 21.590900999 100 143
5 21.590900999 3 75
6 21.590900999 67 103
7 21.590900999 24 35
8 21.590900999 164 32
9 21.590900999 143 78
10 21.590900999 0 25
11 21.590900999 133 87
0 21.600900999 94 48
1 21.600900999 135 127
2 21.600900999 18 87
3 21.600900999 75 116
4 21.600900999 98 143
5 21.600900999 2 74
6 21.600900999 66 103
7 21.600900999 22 35
8 21.600900999 163 32
9 21.600900999 142 78
10 21.600900999 0 25
11 21.600900999 131 87
0 21.610900999 93 48
1 21.610900999 134 127
2 21.610900999 16 88
3 21.610900999 74 115
4 21.610900999 97 143
5 21.610900999 2 75
6 21.610900999 65 103
7 21.610900999 22 34
8 21.610900999 162 32
9 21.610900999 141 79
10 21.610900999 -1 25
11 21.610900999 130 87
0 21.620900999 92 48
1 21.620900999 132 126
2 21.620900999 15 88
3 21.620900999 73 115
4 21.620900999 96 143
5 21.620900999 1 74
6 21.620900999 63 103
7 21.620900999 21 35
8 21.620900999 161 32
9 21.620900999 140 79
10 21.620900999 -1 25
11 21.620900999 129 87
0 21.630900999 90 48
1 21.630900999 132 126
2 21.630900999 15 87
3 21.630900999 72 115
4 21.630900999 95 142
5 21.630900999 0 74
6 21.630900999 62 103
7 21.630900999 19 33
8 21.630900999 160 32
9 21.630900999 139 79
10 21.630900999 0 25
11 21.630900999 128 86
0 21.640900999 89 48
1 21.640900999 131 125
2 21.640900999 14 87
3 21.640900999 70 114
4 21.640900999 93 141
5 21.640900999 0 73
6 21.640900999 61 102
7 21.640900999 19 33
8 21.640900999 159 32
9 21.640900999 138 79
10 21.640900999 -1 24
11 21.640900999 126 86
0 21.650900999 89 47
1 21.650900999 130 125
2 21.650900999 12 87
3 21.650900999 70 114
4 21.650900999 93 141
5 21.650900999 -3 73
6 21.650900999 60 100
7 21.650900999 18 33
8 21.650900999 157 32
9 21.650900999 137 78
10 21.650900999 0 24
11 21.650900999 125 86
0 21.660900999 88 47
1 21.660900999 129 125
2 21.660900999 11 85
3 21.660900999 69 114
4 21.660900999 92 141
5 21.660900999 -4 74
6 21.660900999 60 100
7 21.660900999 18 33
8 21.660900999 156 32
9 21.660900999 135 77
10 21.660900999 0 23
11 21.660900999 124 86
0 21.670900999 87 46
1 21.670900999 127 125
2 21.670900999 9 85
3 21.670900999 67 113
4 21.670900999 91 140
5 21.670900999 -4 73
6 21.670900999 58 100
7 21.670900999 15 31
8 21.670900999 155 32
9 21.670900999 134 78
10 21.670900999 -1 22
11 21.670900999 123 86
0 21.680900999 86 46
1 21.680900999 126 124
2 21.680900999 8 83
3 21.680900999 67 113
4 21.680900999 89 140
5 21.680900999 -4 73
6 21.680900999 57 100
7 21.680900999 14 31
8 21.680900999 154 32
9 21.680900999 134 77
10 21.680900999 -1 21
11 21.680900999 123 86
0 21.690900999 84 45
1 21.690900999 124 124
2 21.690900999 7 82
3 21.690900999 65 111
4 21.690900999 88 139
5 21.690900999 -5 72
6 21.690900999 55 99
7 21.690900999 15 29
8 21.690900999 152 32
9 21.690900999 132 77
10 21.690900999 -2 20
11 21.690900999 121 85
0 21.700900999 84 45
1 21.700900999 123 123
2 21.700900999 6 82
3 21.700900999 63 111
4 21.700900999 87 138
5 21.700900999 -5 71
6 21.700900999 54 98
7 21.700900999 13 29
8 21.700900999 151 32
9 21.700900999 130 77
10 21.700900999 -2 20
11 21.700900999 120 85
0 21.710900999 83 44
1 21.710900999 122 122
2 21.710900999 5 81
3 21.710900999 64 110
4 21.710900999 86 138
5 21.710900999 -6 70
6 21.710900999 55 96
7 21.710900999 12 27
8 21.710900999 152 32
9 21.710900999 130 76
10 21.710900999 -1 20
11 21.710900999 118 84
0 21.720900999 82 44
1 21.720900999 121 122
2 21.720900999 5 79
3 21.720900999 62 110
4 21.720900999 86 137
5 21.720900999 -7 69
6 21.720900999 54 96
7 21.720900999 11 28
8 21.720900999 151 32
9 21.720900999 129 75
10 21.720900999 -2 18
11 21.720900999 118 84
0 21.730900999 82 43
1 21.730900999 121 122
2 21.730900999 4 80
3 21.730900999 63 109
4 21.730900999 86 137
5 21.730900999 -8 68
6 21.730900999 53 95
7 21.730900999 10 26
8 21.730900999 150 32
9 21.730900999 129 74
10 21.730900999 -1 18
11 21.730900999 118 84
0 21.740900999 82 43
1 21.740900999 121 121
2 21.740900999 4 79
3 21.740900999 62 108
4 21.740900999 86 135
5 21.740900999 -8 68
6 21.740900999 54 95
7 21.740900999 11 26
8 21.740900999 150 32
9 21.740900999 129 73
10 21.740900999 -1 18
11 21.740900999 119 84
0 21.750900999 81 42
1 21.750900999 120 120
2 21.750900999 3 78
3 21.750900999 61 108
4 21.750900999 85 134
5 21.750900999 -9 67
6 21.750900999 53 94
7 21.750900999 10 25
8 21.750900999 149 31
9 21.750900999 128 73
10 21.750900999 -1 17
11 21.750900999 117 83
0 21.760900999 80 41
1 21.760900999 120 119
2 21.760900999 4 76
3 21.760900999 61 106
4 21.760900999 84 134
5 21.760900999 -10 66
6 21.760900999 51 93
7 21.760900999 9 24
8 21.760900999 149 30
9 21.760900999 128 72
10 21.760900999 -2 16
11 21.760900999 117 81
0 21.770900999 80 40
1 21.770900999 118 117
2 21.770900999 3 75
3 21.770900999 61 106
4 21.770900999 84 131
5 21.770900999 -10 65
6 21.770900999 51 92
7 21.770900999 9 22
8 21.770900999 148 28
9 21.770900999 127 70
10 21.770900999 -1 15
11 21.770900999 117 79
0 21.780900999 80 38
1 21.780900999 119 115
2 21.780900999 3 73
3 21.780900999 60 104
4 21.780900999 83 130
5 21.780900999 -11 64
6 21.780900999 52 90
7 21.780900999 8 20
8 21.780900999 147 26
9 21.780900999 127 68
10 21.780900999 -2 13
11 21.780900999 116 78
0 21.790900999 80 35
1 21.790900999 120 113
2 21.790900999 2 72
3 21.790900999 61 101
4 21.790900999 85 128
5 21.790900999 -12 62
6 21.790900999 52 88
7 21.790900999 8 18
8 21.790900999 148 24
9 21.790900999 128 66
10 21.790900999 -2 11
11 21.790900999 117 76
0 21.800900999 82 34
1 21.800900999 121 111
2 21.800900999 3 70
3 21.800900999 63 99
4 21.800900999 86 125
5 21.800900999 -12 61
6 21.800900999 53 87
7 21.800900999 8 16
8 21.800900999 149 22
9 21.800900999 128 64
10 21.800900999 -2 9
11 21.800900999 119 74
0 21.810900999 83 31
1 21.810900999 122 109
2 21.810900999 5 68
3 21.810900999 64 98
4 21.810900999 87 123
5 21.810900999 -13 60
6 21.810900999 55 84
7 21.810900999 9 15
8 21.810900999 149 19
9 21.810900999 129 62
10 21.810900999 -1 8
11 21.810900999 119 71
0 21.820900999 83 30
1 21.820900999 124 107
2 21.820900999 5 68
3 21.820900999 65 96
4 21.820900999 88 123
5 21.820900999 -13 59
6 21.820900999 55 83
7 21.820900999 9 13
8 21.820900999 150 18
9 21.820900999 130 60
10 21.820900999 0 6
11 21.820900999 119 69
0 21.830900999 83 29
1 21.830900999 124 106
2 21.830900999 6 67
3 21.830900999 66 94
4 21.830900999 90 121
5 21.830900999 -14 58
6 21.830900999 56 82
7 21.830900999 10 13
8 21.830900999 150 16
9 21.830900999 130 59
10 21.830900999 -1 5
11 21.830900999 120 69
0 21.840900999 84 28
1 21.840900999 124 104
2 21.840900999 6 65
3 21.840900999 67 93
4 21.840900999 90 119
5 21.840900999 -14 57
6 21.840900999 57 80
7 21.840900999 10 11
8 21.840900999 152 14
9 21.840900999 131 57
10 21.840900999 -1 4
11 21.840900999 122 68
0 21.850900999 84 26
1 21.850900999 125 103
2 21.850900999 8 64
3 21.850900999 68 92
4 21.850900999 91 118
5 21.850900999 -15 56
6 21.850900999 58 80
7 21.850900999 11 10
8 21.850900999 152 13
9 21.850900999 133 56
10 21.850900999 -1 3
11 21.850900999 122 66
0 21.860900999 86 26
1 21.860900999 127 102
2 21.860900999 9 64
3 21.860900999 70 92
4 21.860900999 91 117
5 21.860900999 -15 55
6 21.860900999 59 79
7 21.860900999 12 10
8 21.860900999 153 11
9 21.860900999 133 55
10 21.860900999 0 2
11 21.860900999 122 65
0 21.870900999 87 25
1 21.870900999 128 102
2 21.870900999 10 64
3 21.870900999 70 91
4 21.870900999 93 117
5 21.870900999 -16 54
6 21.870900999 60 78
7 21.870900999 14 9
8 21.870900999 154 11
9 21.870900999 134 55
10 21.870900999 0 2
11 21.870900999 124 64
0 21.880900999 87 25
1 21.880900999 128 100
2 21.880900999 11 63
3 21.880900999 71 90
4 21.880900999 93 116
5 21.880900999 -16 54
6 21.880900999 61 78
7 21.880900999 15 9
8 21.880900999 154 11
9 21.880900999 135 54
10 21.880900999 2 3
11 21.880900999 125 64
0 21.890900999 88 25
1 21.890900999 128 101
2 21.890900999 12 64
3 21.890900999 72 90
4 21.890900999 94 116
5 21.890900999 -16 53
6 21.890900999 62 78
7 21.890900999 15 8
8 21.890900999 155 10
9 21.890900999 136 55
10 21.890900999 4 2
11 21.890900999 125 63
0 21.900900999 89 25
1 21.900900999 129 101
2 21.900900999 14 63
3 21.900900999 73 90
4 21.900900999 95 116
5 21.900900999 -17 53
6 21.900900999 62 78
7 21.900900999 16 9
8 21.900900999 155 11
9 21.900900999 136 55
10 21.900900999 4 2
11 21.900900999 125 63
0 21.910900999 90 24
1 21.910900999 130 101
2 21.910900999 13 62
3 21.910900999 73 90
4 21.910900999 96 117
5 21.910900999 -17 52
6 21.910900999 63 78
7 21.910900999 16 7
8 21.910900999 155 10
9 21.910900999 137 55
10 21.910900999 6 1
11 21.910900999 126 64
0 21.920900999 90 25
1 21.920900999 131 100
2 21.920900999 14 62
3 21.920900999 74 90
4 21.920900999 96 116
5 21.920900999 -18 51
6 21.920900999 63 77
7 21.920900999 17 7
8 21.920900999 156 11
9 21.920900999 137 55
10 21.920900999 6 1
11 21.920900999 127 64
0 21.930900999 91 23
1 21.930900999 131 100
2 21.930900999 15 62
3 21.930900999 75 89
4 21.930900999 99 116
5 21.930900999 -18 51
6 21.930900999 65 76
7 21.930900999 18 8
8 21.930900999 157 9
9 21.930900999 138 54
10 21.930900999 7 1
11 21.930900999 127 64
0 21.940900999 92 24
1 21.940900999 132 100
2 21.940900999 16 62
3 21.940900999 75 90
4 21.940900999 99 116
5 21.940900999 -19 50
6 21.940900999 66 77
7 21.940900999 20 6
8 21.940900999 157 10
9 21.940900999 139 54
10 21.940900999 8 2
11 21.940900999 128 63
0 21.950900999 93 23
1 21.950900999 133 100
2 21.950900999 17 62
3 21.950900999 77 90
4 21.950900999 99 115
5 21.950900999 -19 49
6 21.950900999 67 76
7 21.950900999 20 7
8 21.950900999 159 10
9 21.950900999 140 54
10 21.950900999 11 1
11 21.950900999 129 62
0 21.960900999 94 24
1 21.960900999 134 100
2 21.960900999 18 62
3 21.960900999 78 90
4 21.960900999 100 115
5 21.960900999 -20 49
6 21.960900999 67 76
7 21.960900999 21 7
8 21.960900999 160 9
9 21.960900999 141 53
10 21.960900999 13 2
11 21.960900999 130 63
0 21.970900999 94 23
1 21.970900999 135 99
2 21.970900999 19 61
3 21.970900999 80 90
4 21.970900999 102 115
5 21.970900999 -20 48
6 21.970900999 68 76
7 21.970900999 22 7
8 21.970900999 161 9
9 21.970900999 142 53
10 21.970900999 12 1
11 21.970900999 132 62
0 21.980900999 95 23
1 21.980900999 137 99
2 21.980900999 20 62
3 21.980900999 80 90
4 21.980900999 103 115
5 21.980900999 -21 47
6 21.980900999 69 76
7 21.980900999 23 6
8 21.980900999 162 9
9 21.980900999 143 54
10 21.980900999 13 0
11 21.980900999 132 62
0 21.990900999 97 23
1 21.990900999 138 99
2 21.990900999 22 62
3 21.990900999 81 91
4 21.990900999 104 116
5 21.990900999 -21 47
6 21.990900999 70 76
7 21.990900999 25 7
8 21.990900999 163 8
9 21.990900999 144 54
10 21.990900999 15 2
11 21.990900999 133 62
0 22.000900999 98 23
1 22.000900999 139 100
2 22.000900999 23 62
3 22.000900999 83 91
4 22.000900999 106 116
5 22.000900999 -22 46
6 22.000900999 72 76
7 22.000900999 25 7
8 22.000900999 164 9
9 22.000900999 145 54
10 22.000900999 15 1
11 22.000900999 134 62
0 22.010900999 100 23
1 22.010900999 140 101
2 22.010900999 24 63
3 22.010900999 84 91
4 22.010900999 107 117
5 22.010900999 -22 46
6 22.010900999 74 77
7 22.010900999 28 8
8 22.010900999 165 10
9 22.010900999 146 54
10 22.010900999 17 2
11 22.010900999 136 63
0 22.020900999 101 24
1 22.020900999 142 101
2 22.020900999 25 64
3 22.020900999 85 92
4 22.020900999 108 117
5 22.020900999 -23 45
6 22.020900999 75 78
7 22.020900999 29 7
8 22.020900999 167 11
9 22.020900999 148 55
10 22.020900999 19 2
11 22.020900999 137 64
0 22.030900999 102 25
1 22.030900999 143 101
2 22.030900999 27 64
3 22.030900999 86 92
4 22.030900999 109 118
5 22.030900999 -23 45
6 22.030900999 77 78
7 22.030900999 30 8
8 22.030900999 168 11
9 22.030900999 150 57
10 22.030900999 19 2
11 22.030900999 138 65
0 22.040900999 104 25
1 22.040900999 144 103
2 22.040900999 29 64
3 22.040900999 87 93
4 22.040900999 110 118
5 22.040900999 -23 44
6 22.040900999 77 79
7 22.040900999 31 9
8 22.040900999 171 12
9 22.040900999 151 57
10 22.040900999 22 4
11 22.040900999 140 66
0 22.050900999 106 27
1 22.050900999 146 104
2 22.050900999 29 65
3 22.050900999 89 93
4 22.050900999 111 119
5 22.050900999 -24 44
6 22.050900999 79 79
7 22.050900999 34 10
8 22.050900999 172 13
9 22.050900999 153 58
10 22.050900999 23 3
11 22.050900999 142 67
0 22.060900999 108 27
1 22.060900999 147 104
2 22.060900999 32 66
3 22.060900999 90 94
4 22.060900999 112 120
5 22.060900999 -24 43
6 22.060900999 80 80
7 22.060900999 35 10
8 22.060900999 173 15
9 22.060900999 154 59
10 22.060900999 25 5
11 22.060900999 143 68
0 22.070900999 109 29
1 22.070900999 147 106
2 22.070900999 33 66
3 22.070900999 91 96
4 22.070900999 113 122
5 22.070900999 -25 43
6 22.070900999 82 82
7 22.070900999 38 11
8 22.070900999 174 17
9 22.070900999 156 60
10 22.070900999 25 4
11 22.070900999 144 69
0 22.080900999 111 30
1 22.080900999 149 107
2 22.080900999 35 67
3 22.080900999 93 96
4 22.080900999 115 123
5 22.080900999 -25 42
6 22.080900999 83 82
7 22.080900999 39 12
8 22.080900999 176 17
9 22.080900999 157 62
10 22.080900999 28 6
11 22.080900999 147 70
0 22.090900999 112 30
1 22.090900999 150 108
2 22.090900999 36 68
3 22.090900999 94 97
4 22.090900999 116 124
5 22.090900999 -25 42
6 22.090900999 85 83
7 22.090900999 41 13
8 22.090900999 178 19
9 22.090900999 158 64
10 22.090900999 30 7
11 22.090900999 147 72
0 22.100900999 113 32
1 22.100900999 151 110
2 22.100900999 38 69
3 22.100900999 95 99
4 22.100900999 117 125
5 22.100900999 -26 41
6 22.100900999 86 84
7 22.100900999 43 13
8 22.100900999 179 21
9 22.100900999 159 65
10 22.100900999 32 8
11 22.100900999 149 74
0 22.110900999 115 32
1 22.110900999 152 112
2 22.110900999 38 69
3 22.110900999 96 99
4 22.110900999 117 126
5 22.110900999 -26 41
6 22.110900999 87 86
7 22.110900999 45 15
8 22.110900999 180 22
9 22.110900999 160 65
10 22.110900999 33 8
11 22.110900999 149 74
0 22.120900999 117 34
1 22.120900999 154 113
2 22.120900999 40 70
3 22.120900999 97 100
4 22.120900999 118 127
5 22.120900999 -27 41
6 22.120900999 88 86
7 22.120900999 47 15
8 22.120900999 182 24
9 22.120900999 162 67
10 22.120900999 36 10
11 22.120900999 150 76
0 22.130900999 119 35
1 22.130900999 154 115
2 22.130900999 41 71
3 22.130900999 98 101
4 22.130900999 119 129
5 22.130900999 -27 40
6 22.130900999 89 87
7 22.130900999 48 16
8 22.130900999 183 26
9 22.130900999 163 68
10 22.130900999 37 10
11 22.130900999 152 77
0 22.140900999 120 37
1 22.140900999 154 116
2 22.140900999 42 71
3 22.140900999 99 102
4 22.140900999 119 130
5 22.140900999 -28 40
6 22.140900999 90 88
7 22.140900999 50 16
8 22.140900999 185 28
9 22.140900999 164 70
10 22.140900999 39 11
11 22.140900999 152 79
0 22.150900999 122 37
1 22.150900999 154 118
2 22.150900999 44 71
3 22.150900999 100 103
4 22.150900999 119 131
5 22.150900999 -28 40
6 22.150900999 90 90
7 22.150900999 51 17
8 22.150900999 187 29
9 22.150900999 165 72
10 22.150900999 41 12
11 22.150900999 153 80
0 22.160900999 122 38
1 22.160900999 155 119
2 22.160900999 45 72
3 22.160900999 100 104
4 22.160900999 119 132
5 22.160900999 -29 39
6 22.160900999 92 90
7 22.160900999 53 18
8 22.160900999 188 31
9 22.160900999 166 74
10 22.160900999 43 13
11 22.160900999 154 82
0 22.170900999 123 40
1 22.170900999 155 121
2 22.170900999 45 73
3 22.170900999 100 104
4 22.170900999 120 132
5 22.170900999 -29 39
6 22.170900999 92 90
7 22.170900999 55 16
8 22.170900999 189 33
9 22.170900999 166 74
10 22.170900999 44 12
11 22.170900999 155 83
0 22.180900999 125 41
1 22.180900999 156 121
2 22.180900999 46 72
3 22.180900999 100 105
4 22.180900999 120 133
5 22.180900999 -30 39
6 22.180900999 91 92
7 22.180900999 56 18
8 22.180900999 190 34
9 22.180900999 167 75
10 22.180900999 46 14
11 22.180900999 155 84
0 22.190900999 125 41
1 22.190900999 156 122
2 22.190900999 47 71
3 22.190900999 101 106
4 22.190900999 119 134
5 22.190900999 -30 38
6 22.190900999 93 91
7 22.190900999 56 17
8 22.190900999 192 35
9 22.190900999 168 77
10 22.190900999 47 12
11 22.190900999 156 85
0 22.200900999 126 42
1 22.200900999 156 124
2 22.200900999 46 72
3 22.200900999 101 106
4 22.200900999 120 135
5 22.200900999 -31 38
6 22.200900999 93 92
7 22.200900999 57 16
8 22.200900999 192 37
9 22.200900999 169 78
10 22.200900999 48 13
11 22.200900999 157 86
0 22.210900999 129 42
1 22.210900999 157 124
2 22.210900999 49 71
3 22.210900999 102 106
4 22.210900999 121 136
5 22.210900999 -31 37
6 22.210900999 94 91
7 22.210900999 60 16
8 22.210900999 193 37
9 22.210900999 170 79
10 22.210900999 49 12
11 22.210900999 158 87
0 22.220900999 129 43
1 22.220900999 158 125
2 22.220900999 49 71
3 22.220900999 103 107
4 22.220900999 122 136
5 22.220900999 -32 37
6 22.220900999 95 92
7 22.220900999 62 17
8 22.220900999 195 38
9 22.220900999 170 80
10 22.220900999 50 13
11 22.220900999 159 88
0 22.230900999 131 43
1 22.230900999 158 126
2 22.230900999 51 71
3 22.230900999 104 107
4 22.230900999 122 136
5 22.230900999 -32 37
6 22.230900999 96 92
7 22.230900999 63 17
8 22.230900999 197 39
9 22.230900999 172 81
10 22.230900999 51 12
11 22.230900999 161 88
0 22.240900999 133 43
1 22.240900999 159 126
2 22.240900999 52 70
3 22.240900999 106 107
4 22.240900999 124 137
5 22.240900999 -33 36
6 22.240900999 98 93
7 22.240900999 65 17
8 22.240900999 198 40
9 22.240900999 173 81
10 22.240900999 53 12
11 22.240900999 162 88
0 22.250900999 135 43
1 22.250900999 160 127
2 22.250900999 53 70
3 22.250900999 107 107
4 22.250900999 124 137
5 22.250900999 -33 36
6 22.250900999 99 92
7 22.250900999 67 15
8 22.250900999 201 41
9 22.250900999 175 82
10 22.250900999 54 11
11 22.250900999 163 89
0 22.260900999 137 44
1 22.260900999 161 127
2 22.260900999 55 69
3 22.260900999 108 108
4 22.260900999 125 137
5 22.260900999 -34 35
6 22.260900999 100 92
7 22.260900999 69 15
8 22.260900999 202 42
9 22.260900999 176 83
10 22.260900999 56 11
11 22.260900999 164 91
0 22.270900999 137 44
1 22.270900999 163 128
2 22.270900999 57 69
3 22.270900999 109 108
4 22.270900999 125 137
5 22.270900999 -34 35
6 22.270900999 102 93
7 22.270900999 70 15
8 22.270900999 205 44
9 22.270900999 177 84
10 22.270900999 58 11
11 22.270900999 165 92
0 22.280900999 139 46
1 22.280900999 163 130
2 22.280900999 58 70
3 22.280900999 109 109
4 22.280900999 127 139
5 22.280900999 -35 35
6 22.280900999 103 94
7 22.280900999 72 15
8 22.280900999 206 46
9 22.280900999 178 86
10 22.280900999 61 11
11 22.280900999 166 93
0 22.290900999 141 47
1 22.290900999 164 132
2 22.290900999 59 72
3 22.290900999 110 111
4 22.290900999 127 141
5 22.290900999 -35 34
6 22.290900999 104 95
7 22.290900999 75 18
8 22.290900999 208 48
9 22.290900999 180 88
10 22.290900999 62 12
11 22.290900999 168 95
0 22.300900999 143 49
1 22.300900999 165 134
2 22.300900999 60 72
3 22.300900999 111 112
4 22.300900999 127 143
5 22.300900999 -36 34
6 22.300900999 105 97
7 22.300900999 76 18
8 22.300900999 210 50
9 22.300900999 181 90
10 22.300900999 64 12
11 22.300900999 169 97
0 22.310900999 145 50
1 22.310900999 166 136
2 22.310900999 63 72
3 22.310900999 113 113
4 22.310900999 128 144
5 22.310900999 -36 34
6 22.310900999 107 98
7 22.310900999 79 17
8 22.310900999 213 52
9 22.310900999 183 92
10 22.310900999 67 13
11 22.310900999 170 98
0 22.320900999 147 52
1 22.320900999 167 138
2 22.320900999 65 72
3 22.320900999 115 114
4 22.320900999 130 145
5 22.320900999 -36 33
6 22.320900999 108 98
7 22.320900999 82 19
8 22.320900999 215 54
9 22.320900999 185 94
10 22.320900999 70 13
11 22.320900999 172 100
0 22.330900999 150 52
1 22.330900999 167 139
2 22.330900999 66 72
3 22.330900999 115 113
4 22.330900999 130 144
5 22.330900999 -37 33
6 22.330900999 109 98
7 22.330900999 84 17
8 22.330900999 217 55
9 22.330900999 186 94
10 22.330900999 73 13
11 22.330900999 174 101
0 22.340900999 152 52
1 22.340900999 168 139
2 22.340900999 67 71
3 22.340900999 116 114
4 22.340900999 130 145
5 22.340900999 -37 32
6 22.340900999 111 98
7 22.340900999 87 17
8 22.340900999 219 57
9 22.340900999 188 95
10 22.340900999 75 12
11 22.340900999 175 102
0 22.350900999 153 53
1 22.350900999 168 141
2 22.350900999 69 71
3 22.350900999 117 114
4 22.350900999 131 146
5 22.350900999 -38 32
6 22.350900999 112 98
7 22.350900999 89 17
8 22.350900999 222 58
9 22.350900999 189 96
10 22.350900999 78 12
11 22.350900999 176 103
0 22.360900999 156 54
1 22.360900999 169 141
2 22.360900999 70 71
3 22.360900999 117 115
4 22.360900999 131 147
5 22.360900999 -38 32
6 22.360900999 112 100
7 22.360900999 91 17
8 22.360900999 222 60
9 22.360900999 190 98
10 22.360900999 80 13
11 22.360900999 178 105
0 22.370900999 156 56
1 22.370900999 170 143
2 22.370900999 72 72
3 22.370900999 118 117
4 22.370900999 132 148
5 22.370900999 -39 32
6 22.370900999 114 101
7 22.370900999 93 19
8 22.370900999 224 62
9 22.370900999 190 101
10 22.370900999 81 13
11 22.370900999 178 107
0 22.380900999 157 59
1 22.380900999 169 147
2 22.380900999 72 74
3 22.380900999 117 118
4 22.380900999 132 150
5 22.380900999 -39 31
6 22.380900999 114 102
7 22.380900999 93 21
8 22.380900999 223 66
9 22.380900999 191 103
10 22.380900999 81 15
11 22.380900999 178 109
0 22.390900999 157 61
1 22.390900999 168 149
2 22.390900999 72 75
3 22.390900999 119 121
4 22.390900999 131 153
5 22.390900999 -40 31
6 22.390900999 113 105
7 22.390900999 95 23
8 22.390900999 224 69
9 22.390900999 191 106
10 22.390900999 82 17
11 22.390900999 179 112
0 22.400900999 157 63
1 22.400900999 169 152
2 22.400900999 72 77
3 22.400900999 119 123
4 22.400900999 131 155
5 22.400900999 -40 31
6 22.400900999 114 107
7 22.400900999 95 26
8 22.400900999 225 72
9 22.400900999 191 108
10 22.400900999 84 20
11 22.400900999 178 114
0 22.410900999 157 65
1 22.410900999 169 153
2 22.410900999 72 79
3 22.410900999 118 125
4 22.410900999 131 158
5 22.410900999 -41 31
6 22.410900999 114 110
7 22.410900999 95 28
8 22.410900999 224 73
9 22.410900999 191 110
10 22.410900999 86 23
11 22.410900999 178 116
0 22.420900999 158 67
1 22.420900999 168 156
2 22.420900999 72 81
3 22.420900999 118 127
4 22.420900999 130 159
5 22.420900999 -42 31
6 22.420900999 114 111
7 22.420900999 96 29
8 22.420900999 224 76
9 22.420900999 190 112
10 22.420900999 85 24
11 22.420900999 177 118
0 22.430900999 156 70
1 22.430900999 168 158
2 22.430900999 72 83
3 22.430900999 117 129
4 22.430900999 130 161
5 22.430900999 -42 31
6 22.430900999 113 113
7 22.430900999 96 31
8 22.430900999 223 78
9 22.430900999 190 114
10 22.430900999 85 26
11 22.430900999 178 120
0 22.440900999 156 72
1 22.440900999 167 160
2 22.440900999 70 85
3 22.440900999 117 131
4 22.440900999 128 163
5 22.440900999 -43 31
6 22.440900999 112 115
7 22.440900999 95 34
8 22.440900999 222 80
9 22.440900999 189 116
10 22.440900999 84 28
11 22.440900999 176 122
0 22.450900999 156 73
1 22.450900999 167 162
2 22.450900999 71 86
3 22.450900999 116 133
4 22.450900999 128 166
5 22.450900999 -44 31
6 22.450900999 111 117
7 22.450900999 95 36
8 22.450900999 222 82
9 22.450900999 189 118
10 22.450900999 83 29
11 22.450900999 176 124
0 22.460900999 155 75
1 22.460900999 166 164
2 22.460900999 70 88
3 22.460900999 115 135
4 22.460900999 127 167
5 22.460900999 -45 31
6 22.460900999 111 118
7 22.460900999 95 36
8 22.460900999 222 84
9 22.460900999 188 121
10 22.460900999 83 31
11 22.460900999 175 126
0 22.470900999 155 78
1 22.470900999 166 166
2 22.470900999 69 89
3 22.470900999 115 137
4 22.470900999 127 170
5 22.470900999 -45 31
6 22.470900999 111 120
7 22.470900999 95 38
8 22.470900999 221 87
9 22.470900999 188 123
10 22.470900999 83 33
11 22.470900999 175 128
0 22.480900999 155 80
1 22.480900999 164 167
2 22.480900999 69 91
3 22.480900999 115 138
4 22.480900999 126 171
5 22.480900999 -46 30
6 22.480900999 110 122
7 22.480900999 94 40
8 22.480900999 221 89
9 22.480900999 188 124
10 22.480900999 82 34
11 22.480900999 174 130
0 22.490900999 155 81
1 22.490900999 163 169
2 22.490900999 68 93
3 22.490900999 114 139
4 22.490900999 125 172
5 22.490900999 -47 30
6 22.490900999 109 124
7 22.490900999 94 42
8 22.490900999 220 90
9 22.490900999 187 126
10 22.490900999 82 35
11 22.490900999 173 132
0 22.500900999 154 82
1 22.500900999 163 170
2 22.500900999 68 94
3 22.500900999 113 142
4 22.500900999 125 174
5 22.500900999 -48 30
6 22.500900999 109 125
7 22.500900999 94 42
8 22.500900999 220 92
9 22.500900999 186 127
10 22.500900999 83 37
11 22.500900999 174 133
0 22.510900999 154 84
1 22.510900999 162 172
2 22.510900999 69 96
3 22.510900999 114 142
4 22.510900999 125 175
5 22.510900999 -49 30
6 22.510900999 109 126
7 22.510900999 94 44
8 22.510900999 219 93
9 22.510900999 186 128
10 22.510900999 84 39
11 22.510900999 174 134
0 22.520900999 154 85
1 22.520900999 162 172
2 22.520900999 69 96
3 22.520900999 113 144
4 22.520900999 124 176
5 22.520900999 -49 30
6 22.520900999 108 126
7 22.520900999 94 44
8 22.520900999 220 94
9 22.520900999 186 130
10 22.520900999 84 40
11 22.520900999 173 135
0 22.530900999 154 85
1 22.530900999 162 174
2 22.530900999 68 96
3 22.530900999 113 144
4 22.530900999 125 177
5 22.530900999 -50 30
6 22.530900999 109 127
7 22.530900999 94 45
8 22.530900999 220 95
9 22.530900999 186 130
10 22.530900999 83 40
11 22.530900999 173 136
0 22.540900999 155 85
1 22.540900999 162 174
2 22.540900999 68 97
3 22.540900999 113 144
4 22.540900999 127 176
5 22.540900999 -51 29
6 22.540900999 108 128
7 22.540900999 94 45
8 22.540900999 221 95
9 22.540900999 186 131
10 22.540900999 84 41
11 22.540900999 174 137
0 22.550900999 155 86
1 22.550900999 163 173
2 22.550900999 68 97
3 22.550900999 113 145
4 22.550900999 129 176
5 22.550900999 -52 29
6 22.550900999 109 129
7 22.550900999 94 44
8 22.550900999 221 95
9 22.550900999 186 131
10 22.550900999 84 40
11 22.550900999 174 137
0 22.560900999 155 86
1 22.560900999 163 175
2 22.560900999 69 96
3 22.560900999 113 145
4 22.560900999 126 176
5 22.560900999 -52 28
6 22.560900999 109 129
7 22.560900999 94 44
8 22.560900999 222 95
9 22.560900999 186 131
10 22.560900999 83 39
11 22.560900999 174 137
0 22.570900999 156 84
1 22.570900999 163 173
2 22.570900999 70 96
3 22.570900999 114 144
4 22.570900999 125 176
5 22.570900999 -53 28
6 22.570900999 109 129
7 22.570900999 95 43
8 22.570900999 223 95
9 22.570900999 187 131
10 22.570900999 84 39
11 22.570900999 175 136
0 22.580900999 155 84
1 22.580900999 162 174
2 22.580900999 69 96
3 22.580900999 112 145
4 22.580900999 127 176
5 22.580900999 -54 27
6 22.580900999 107 129
7 22.580900999 95 44
8 22.580900999 223 95
9 22.580900999 186 131
10 22.580900999 82 37
11 22.580900999 175 136
0 22.590900999 156 84
1 22.590900999 162 173
2 22.590900999 69 95
3 22.590900999 113 144
4 22.590900999 126 176
5 22.590900999 -55 27
6 22.590900999 109 128
7 22.590900999 95 44
8 22.590900999 223 95
9 22.590900999 187 130
10 22.590900999 83 38
11 22.590900999 175 137
0 22.600900999 157 84
1 22.600900999 163 173
2 22.600900999 68 95
3 22.600900999 114 144
4 22.600900999 126 176
5 22.600900999 -55 26
6 22.600900999 110 127
7 22.600900999 94 42
8 22.600900999 224 94
9 22.600900999 187 128
10 22.600900999 82 35
11 22.600900999 176 136
0 22.610900999 157 84
1 22.610900999 163 172
2 22.610900999 69 94
3 22.610900999 113 143
4 22.610900999 125 175
5 22.610900999 -56 26
6 22.610900999 109 126
7 22.610900999 95 42
8 22.610900999 225 94
9 22.610900999 188 128
10 22.610900999 82 35
11 22.610900999 175 136
0 22.620900999 158 83
1 22.620900999 163 171
2 22.620900999 71 94
3 22.620900999 114 142
4 22.620900999 125 175
5 22.620900999 -57 25
6 22.620900999 110 126
7 22.620900999 96 41
8 22.620900999 225 93
9 22.620900999 188 129
10 22.620900999 83 34
11 22.620900999 176 135
0 22.630900999 158 83
1 22.630900999 164 171
2 22.630900999 70 93
3 22.630900999 114 141
4 22.630900999 125 174
5 22.630900999 -58 25
6 22.630900999 111 124
7 22.630900999 97 40
8 22.630900999 226 93
9 22.630900999 189 127
10 22.630900999 84 33
11 22.630900999 177 135
0 22.640900999 159 81
1 22.640900999 164 171
2 22.640900999 70 91
3 22.640900999 115 140
4 22.640900999 126 172
5 22.640900999 -58 24
6 22.640900999 111 123
7 22.640900999 98 37
8 22.640900999 227 93
9 22.640900999 190 126
10 22.640900999 85 31
11 22.640900999 177 133
0 22.650900999 160 80
1 22.650900999 164 168
2 22.650900999 71 90
3 22.650900999 115 138
4 22.650900999 126 171
5 22.650900999 -59 24
6 22.650900999 111 123
7 22.650900999 99 36
8 22.650900999 229 92
9 22.650900999 189 126
10 22.650900999 86 29
11 22.650900999 177 133
0 22.660900999 160 79
1 22.660900999 164 168
2 22.660900999 71 88
3 22.660900999 116 137
4 22.660900999 125 170
5 22.660900999 -60 23
6 22.660900999 111 121
7 22.660900999 99 33
8 22.660900999 229 91
9 22.660900999 190 125
10 22.660900999 86 26
11 22.660900999 177 133
0 22.670900999 162 79
1 22.670900999 163 167
2 22.670900999 72 86
3 22.670900999 115 137
4 22.670900999 125 168
5 22.670900999 -60 22
6 22.670900999 111 120
7 22.670900999 100 33
8 22.670900999 230 91
9 22.670900999 189 124
10 22.670900999 88 25
11 22.670900999 178 133
0 22.680900999 162 79
1 22.680900999 163 167
2 22.680900999 72 84
3 22.680900999 115 135
4 22.680900999 124 168
5 22.680900999 -61 22
6 22.680900999 111 118
7 22.680900999 102 32
8 22.680900999 230 92
9 22.680900999 190 124
10 22.680900999 89 23
11 22.680900999 178 132
0 22.690900999 164 77
1 22.690900999 163 166
2 22.690900999 73 83
3 22.690900999 116 135
4 22.690900999 125 167
5 22.690900999 -62 21
6 22.690900999 112 118
7 22.690900999 103 29
8 22.690900999 232 92
9 22.690900999 190 125
10 22.690900999 90 21
11 22.690900999 178 132
0 22.700900999 164 77
1 22.700900999 163 166
2 22.700900999 73 82
3 22.700900999 116 133
4 22.700900999 126 167
5 22.700900999 -62 21
6 22.700900999 113 117
7 22.700900999 105 28
8 22.700900999 233 93
9 22.700900999 191 124
10 22.700900999 91 19
11 22.700900999 178 131
0 22.710900999 166 77
1 22.710900999 163 165
2 22.710900999 75 80
3 22.710900999 116 133
4 22.710900999 125 166
5 22.710900999 -63 20
6 22.710900999 113 116
7 22.710900999 107 27
8 22.710900999 235 94
9 22.710900999 192 124
10 22.710900999 93 17
11 22.710900999 179 132
0 22.720900999 166 76
1 22.720900999 162 164
2 22.720900999 76 79
3 22.720900999 116 132
4 22.720900999 125 164
5 22.720900999 -64 20
6 22.720900999 114 114
7 22.720900999 108 25
8 22.720900999 235 93
9 22.720900999 191 123
10 22.720900999 94 16
11 22.720900999 180 132
0 22.730900999 168 75
1 22.730900999 163 164
2 22.730900999 76 77
3 22.730900999 117 130
4 22.730900999 125 164
5 22.730900999 -64 19
6 22.730900999 114 113
7 22.730900999 109 24
8 22.730900999 237 93
9 22.730900999 191 122
10 22.730900999 95 15
11 22.730900999 180 131
0 22.740900999 168 74
1 22.740900999 163 164
2 22.740900999 77 76
3 22.740900999 117 129
4 22.740900999 124 163
5 22.740900999 -65 19
6 22.740900999 115 112
7 22.740900999 111 22
8 22.740900999 237 93
9 22.740900999 193 121
10 22.740900999 97 14
11 22.740900999 180 130
0 22.750900999 169 73
1 22.750900999 164 162
2 22.750900999 77 74
3 22.750900999 117 128
4 22.750900999 125 161
5 22.750900999 -66 18
6 22.750900999 116 111
7 22.750900999 112 21
8 22.750900999 238 92
9 22.750900999 193 120
10 22.750900999 98 11
11 22.750900999 181 129
0 22.760900999 170 71
1 22.760900999 165 161
2 22.760900999 78 72
3 22.760900999 118 127
4 22.760900999 126 160
5 22.760900999 -66 17
6 22.760900999 116 110
7 22.760900999 113 18
8 22.760900999 239 91
9 22.760900999 194 119
10 22.760900999 100 11
11 22.760900999 182 127
0 22.770900999 171 70
1 22.770900999 165 160
2 22.770900999 79 70
3 22.770900999 119 125
4 22.770900999 126 158
5 22.770900999 -67 17
6 22.770900999 117 108
7 22.770900999 114 17
8 22.770900999 238 89
9 22.770900999 195 117
10 22.770900999 101 8
11 22.770900999 183 126
0 22.780900999 172 68
1 22.780900999 166 158
2 22.780900999 79 69
3 22.780900999 120 123
4 22.780900999 127 156
5 22.780900999 -68 16
6 22.780900999 118 106
7 22.780900999 115 14
8 22.780900999 238 87
9 22.780900999 196 115
10 22.780900999 102 6
11 22.780900999 184 125
0 22.790900999 173 67
1 22.790900999 166 156
2 22.790900999 81 67
3 22.790900999 121 122
4 22.790900999 128 155
5 22.790900999 -68 15
6 22.790900999 118 105
7 22.790900999 115 12
8 22.790900999 237 84
9 22.790900999 196 114
10 22.790900999 102 4
11 22.790900999 184 123
0 22.800900999 173 64
1 22.800900999 167 154
2 22.800900999 80 65
3 22.800900999 121 120
4 22.800900999 128 153
5 22.800900999 -69 15
6 22.800900999 119 102
7 22.800900999 116 9
8 22.800900999 236 82
9 22.800900999 196 112
10 22.800900999 103 1
11 22.800900999 185 121
0 22.810900999 173 61
1 22.810900999 167 152
2 22.810900999 81 63
3 22.810900999 121 118
4 22.810900999 128 150
5 22.810900999 -70 14
6 22.810900999 119 100
7 22.810900999 116 7
8 22.810900999 238 80
9 22.810900999 196 111
10 22.810900999 104 0
11 22.810900999 184 119
0 22.820900999 174 60
1 22.820900999 167 151
2 22.820900999 81 61
3 22.820900999 120 117
4 22.820900999 128 149
5 22.820900999 -71 13
6 22.820900999 118 99
7 22.820900999 116 4
8 22.820900999 237 78
9 22.820900999 197 109
10 22.820900999 104 -1
11 22.820900999 185 117
0 22.830900999 174 58
1 22.830900999 166 149
2 22.830900999 80 59
3 22.830900999 121 115
4 22.830900999 127 147
5 22.830900999 -71 12
6 22.830900999 119 97
7 22.830900999 116 2
8 22.830900999 237 76
9 22.830900999 196 107
10 22.830900999 104 -2
11 22.830900999 184 115
0 22.840900999 174 57
1 22.840900999 167 148
2 22.840900999 81 57
3 22.840900999 120 114
4 22.840900999 128 147
5 22.840900999 -72 12
6 22.840900999 119 95
7 22.840900999 115 1
8 22.840900999 237 75
9 22.840900999 196 106
10 22.840900999 105 -3
11 22.840900999 185 115
0 22.850900999 174 56
1 22.850900999 165 148
2 22.850900999 80 56
3 22.850900999 120 113
4 22.850900999 128 146
5 22.850900999 -73 11
6 22.850900999 119 95
7 22.850900999 116 0
8 22.850900999 236 74
9 22.850900999 197 105
10 22.850900999 107 -4
11 22.850900999 185 114
0 22.860900999 175 55
1 22.860900999 166 147
2 22.860900999 80 55
3 22.860900999 121 111
4 22.860900999 129 144
5 22.860900999 -74 11
6 22.860900999 120 94
7 22.860900999 116 0
8 22.860900999 236 73
9 22.860900999 198 104
10 22.860900999 108 -6
11 22.860900999 186 114
0 22.870900999 176 54
1 22.870900999 167 145
2 22.870900999 81 53
3 22.870900999 121 111
4 22.870900999 129 142
5 22.870900999 -74 10
6 22.870900999 120 93
7 22.870900999 117 -3
8 22.870900999 235 72
9 22.870900999 198 103
10 22.870900999 109 -8
11 22.870900999 186 112
0 22.880900999 177 51
1 22.880900999 168 144
2 22.880900999 82 53
3 22.880900999 122 109
4 22.880900999 130 141
5 22.880900999 -75 9
6 22.880900999 120 91
7 22.880900999 117 -3
8 22.880900999 235 71
9 22.880900999 199 101
10 22.880900999 110 -9
11 22.880900999 187 111
0 22.890900999 177 50
1 22.890900999 169 143
2 22.890900999 83 50
3 22.890900999 122 107
4 22.890900999 129 139
5 22.890900999 -76 9
6 22.890900999 121 90
7 22.890900999 117 -3
8 22.890900999 234 69
9 22.890900999 199 99
10 22.890900999 110 -9
11 22.890900999 188 109
0 22.900900999 178 48
1 22.900900999 169 140
2 22.900900999 83 48
3 22.900900999 123 105
4 22.900900999 130 138
5 22.900900999 -77 8
6 22.900900999 121 87
7 22.900900999 117 -3
8 22.900900999 234 68
9 22.900900999 200 97
10 22.900900999 112 -9
11 22.900900999 188 106
0 22.910900999 179 46
1 22.910900999 170 138
2 22.910900999 83 46
3 22.910900999 124 103
4 22.910900999 131 135
5 22.910900999 -77 8
6 22.910900999 122 85
7 22.910900999 116 -3
8 22.910900999 233 67
9 22.910900999 201 95
10 22.910900999 114 -9
11 22.910900999 189 105
0 22.920900999 180 42
1 22.920900999 171 136
2 22.920900999 83 44
3 22.920900999 124 102
4 22.920900999 131 134
5 22.920900999 -78 7
6 22.920900999 123 83
7 22.920900999 116 -3
8 22.920900999 232 66
9 22.920900999 201 93
10 22.920900999 116 -9
11 22.920900999 190 103
0 22.930900999 180 41
1 22.930900999 171 135
2 22.930900999 84 42
3 22.930900999 125 100
4 22.930900999 132 133
5 22.930900999 -79 7
6 22.930900999 123 82
7 22.930900999 116 -3
8 22.930900999 231 65
9 22.930900999 203 92
10 22.930900999 117 -9
11 22.930900999 190 101
0 22.940900999 180 40
1 22.940900999 172 135
2 22.940900999 83 41
3 22.940900999 125 99
4 22.940900999 132 132
5 22.940900999 -79 6
6 22.940900999 123 81
7 22.940900999 115 -2
8 22.940900999 231 64
9 22.940900999 202 90
10 22.940900999 118 -8
11 22.940900999 191 101
0 22.950900999 181 39
1 22.950900999 172 133
2 22.950900999 83 39
3 22.950900999 125 98
4 22.950900999 133 131
5 22.950900999 -80 6
6 22.950900999 123 80
7 22.950900999 115 -2
8 22.950900999 230 64
9 22.950900999 204 90
10 22.950900999 119 -7
11 22.950900999 192 100
0 22.960900999 182 38
1 22.960900999 172 133
2 22.960900999 83 39
3 22.960900999 126 97
4 22.960900999 134 130
5 22.960900999 -81 5
6 22.960900999 124 80
7 22.960900999 115 -2
8 22.960900999 229 63
9 22.960900999 205 90
10 22.960900999 119 -6
11 22.960900999 192 99
0 22.970900999 182 37
1 22.970900999 173 132
2 22.970900999 85 38
3 22.970900999 126 97
4 22.970900999 134 131
5 22.970900999 -82 5
6 22.970900999 125 78
7 22.970900999 115 -3
8 22.970900999 228 62
9 22.970900999 205 88
10 22.970900999 120 -6
11 22.970900999 192 99
0 22.980900999 183 36
1 22.980900999 173 133
2 22.980900999 84 38
3 22.980900999 127 96
4 22.980900999 135 130
5 22.980900999 -82 4
6 22.980900999 125 78
7 22.980900999 115 -2
8 22.980900999 228 61
9 22.980900999 205 88
10 22.980900999 120 -7
11 22.980900999 194 98
0 22.990900999 184 37
1 22.990900999 173 132
2 22.990900999 84 39
3 22.990900999 127 96
4 22.990900999 134 130
5 22.990900999 -83 4
6 22.990900999 126 78
7 22.990900999 114 -2
8 22.990900999 227 60
9 22.990900999 205 87
10 22.990900999 121 -6
11 22.990900999 194 99
0 23.000900999 183 36
1 23.000900999 173 133
2 23.000900999 84 38
3 23.000900999 127 97
4 23.000900999 135 128
5 23.000900999 -84 4
6 23.000900999 126 79
7 23.000900999 114 -3
8 23.000900999 226 60
9 23.000900999 206 87
10 23.000900999 121 -6
11 23.000900999 194 98
0 23.010900999 183 38
1 23.010900999 175 132
2 23.010900999 85 39
3 23.010900999 127 97
4 23.010900999 136 130
5 23.010900999 -85 3
6 23.010900999 126 79
7 23.010900999 114 -3
8 23.010900999 225 59
9 23.010900999 206 87
10 23.010900999 121 -6
11 23.010900999 195 97
0 23.020900999 184 37
1 23.020900999 176 133
2 23.020900999 86 40
3 23.020900999 128 98
4 23.020900999 136 131
5 23.020900999 -86 3
6 23.020900999 126 81
7 23.020900999 113 -3
8 23.020900999 224 58
9 23.020900999 206 88
10 23.020900999 121 -6
11 23.020900999 195 99
0 23.030900999 184 38
1 23.030900999 175 134
2 23.030900999 87 42
3 23.030900999 128 98
4 23.030900999 137 132
5 23.030900999 -86 3
6 23.030900999 127 80
7 23.030900999 113 -2
8 23.030900999 223 58
9 23.030900999 207 89
10 23.030900999 121 -6
11 23.030900999 195 99
0 23.040900999 185 39
1 23.040900999 176 135
2 23.040900999 87 43
3 23.040900999 129 100
4 23.040900999 138 133
5 23.040900999 -87 2
6 23.040900999 128 82
7 23.040900999 113 -2
8 23.040900999 222 57
9 23.040900999 207 91
10 23.040900999 122 -6
11 23.040900999 196 100
0 23.050900999 186 39
1 23.050900999 178 136
2 23.050900999 88 45
3 23.050900999 130 101
4 23.050900999 139 134
5 23.050900999 -88 2
6 23.050900999 129 83
7 23.050900999 112 -1
8 23.050900999 222 57
9 23.050900999 209 91
10 23.050900999 122 -6
11 23.050900999 197 100
0 23.060900999 185 41
1 23.060900999 178 137
2 23.060900999 88 46
3 23.060900999 131 103
4 23.060900999 140 135
5 23.060900999 -89 2
6 23.060900999 129 83
7 23.060900999 111 -1
8 23.060900999 221 56
9 23.060900999 211 91
10 23.060900999 122 -6
11 23.060900999 197 100
0 23.070900999 187 41
1 23.070900999 181 138
2 23.070900999 88 47
3 23.070900999 133 103
4 23.070900999 141 136
5 23.070900999 -89 1
6 23.070900999 131 84
7 23.070900999 111 -1
8 23.070900999 220 56
9 23.070900999 211 91
10 23.070900999 122 -6
11 23.070900999 199 101
0 23.080900999 186 41
1 23.080900999 183 137
2 23.080900999 88 49
3 23.080900999 133 104
4 23.080900999 142 137
5 23.080900999 -90 1
6 23.080900999 131 86
7 23.080900999 110 -1
8 23.080900999 219 55
9 23.080900999 213 91
10 23.080900999 122 -6
11 23.080900999 201 103
0 23.090900999 185 41
1 23.090900999 183 139
2 23.090900999 89 50
3 23.090900999 133 104
4 23.090900999 144 137
5 23.090900999 -91 1
6 23.090900999 132 87
7 23.090900999 109 0
8 23.090900999 218 55
9 23.090900999 213 91
10 23.090900999 123 -6
11 23.090900999 202 102
0 23.100900999 185 42
1 23.100900999 184 138
2 23.100900999 89 53
3 23.100900999 134 105
4 23.100900999 144 138
5 23.100900999 -92 0
6 23.100900999 131 88
7 23.100900999 108 0
8 23.100900999 217 54
9 23.100900999 212 91
10 23.100900999 123 -7
11 23.100900999 201 101
0 23.110900999 184 42
1 23.110900999 185 138
2 23.110900999 90 53
3 23.110900999 133 106
4 23.110900999 145 138
5 23.110900999 -93 0
6 23.110900999 131 88
7 23.110900999 107 0
8 23.110900999 216 54
9 23.110900999 213 90
10 23.110900999 123 -7
11 23.110900999 201 102
0 23.120900999 183 42
1 23.120900999 185 138
2 23.120900999 89 54
3 23.120900999 135 106
4 23.120900999 145 138
5 23.120900999 -94 0
6 23.120900999 131 89
7 23.120900999 105 0
8 23.120900999 215 53
9 23.120900999 212 89
10 23.120900999 123 -7
11 23.120900999 202 102
0 23.130900999 183 42
1 23.130900999 186 138
2 23.130900999 88 55
3 23.130900999 135 106
4 23.130900999 146 138
5 23.130900999 -94 0
6 23.130900999 132 90
7 23.130900999 106 0
8 23.130900999 213 53
9 23.130900999 213 89
10 23.130900999 123 -7
11 23.130900999 202 102
0 23.140900999 184 41
1 23.140900999 187 138
2 23.140900999 89 55
3 23.140900999 136 107
4 23.140900999 146 138
5 23.140900999 -95 0
6 23.140900999 132 90
7 23.140900999 109 -1
8 23.140900999 213 52
9 23.140900999 214 89
10 23.140900999 123 -8
11 23.140900999 203 101
0 23.150900999 184 41
1 23.150900999 188 138
2 23.150900999 89 56
3 23.150900999 136 106
4 23.150900999 148 139
5 23.150900999 -96 -1
6 23.150900999 133 89
7 23.150900999 109 0
8 23.150900999 211 52
9 23.150900999 213 88
10 23.150900999 123 -8
11 23.150900999 204 100
0 23.160900999 183 40
1 23.160900999 189 135
2 23.160900999 89 54
3 23.160900999 137 105
4 23.160900999 148 137
5 23.160900999 -97 -1
6 23.160900999 133 88
7 23.160900999 110 -1
8 23.160900999 210 51
9 23.160900999 215 86
10 23.160900999 123 -9
11 23.160900999 204 98
0 23.170900999 183 38
1 23.170900999 190 133
2 23.170900999 90 54
3 23.170900999 138 104
4 23.170900999 150 136
5 23.170900999 -97 -2
6 23.170900999 133 87
7 23.170900999 111 -1
8 23.170900999 209 50
9 23.170900999 216 84
10 23.170900999 123 -9
11 23.170900999 205 95
0 23.180900999 183 35
1 23.180900999 191 130
2 23.180900999 90 54
3 23.180900999 139 102
4 23.180900999 151 134
5 23.180900999 -98 -3
6 23.180900999 133 85
7 23.180900999 111 -2
8 23.180900999 208 49
9 23.180900999 216 82
10 23.180900999 123 -10
11 23.180900999 205 93
0 23.190900999 183 33
1 23.190900999 192 129
2 23.190900999 90 53
3 23.190900999 139 101
4 23.190900999 152 132
5 23.190900999 -99 -3
6 23.190900999 134 84
7 23.190900999 110 -3
8 23.190900999 207 48
9 23.190900999 216 79
10 23.190900999 123 -10
11 23.190900999 205 91
0 23.200900999 183 31
1 23.200900999 194 127
2 23.200900999 90 52
3 23.200900999 140 99
4 23.200900999 153 131
5 23.200900999 -100 -4
6 23.200900999 135 83
7 23.200900999 110 -4
8 23.200900999 206 48
9 23.200900999 218 77
10 23.200900999 123 -11
11 23.200900999 208 89
0 23.210900999 183 30
1 23.210900999 195 126
2 23.210900999 91 51
3 23.210900999 141 97
4 23.210900999 154 130
5 23.210900999 -101 -4
6 23.210900999 136 81
7 23.210900999 110 -4
8 23.210900999 205 47
9 23.210900999 219 76
10 23.210900999 123 -12
11 23.210900999 207 87
0 23.220900999 184 29
1 23.220900999 196 125
2 23.220900999 91 51
3 23.220900999 141 97
4 23.220900999 155 129
5 23.220900999 -101 -5
6 23.220900999 137 81
7 23.220900999 109 -5
8 23.220900999 204 46
9 23.220900999 219 74
10 23.220900999 123 -12
11 23.220900999 209 86
0 23.230900999 184 28
1 23.230900999 198 124
2 23.230900999 92 51
3 23.230900999 142 97
4 23.230900999 157 128
5 23.230900999 -102 -5
6 23.230900999 137 80
7 23.230900999 109 -5
8 23.230900999 203 46
9 23.230900999 220 73
10 23.230900999 123 -12
11 23.230900999 209 85
0 23.240900999 185 26
1 23.240900999 199 124
2 23.240900999 93 51
3 23.240900999 143 96
4 23.240900999 158 127
5 23.240900999 -103 -6
6 23.240900999 137 80
7 23.240900999 108 -6
8 23.240900999 202 45
9 23.240900999 221 72
10 23.240900999 123 -13
11 23.240900999 210 84
0 23.250900999 186 27
1 23.250900999 199 123
2 23.250900999 95 51
3 23.250900999 144 96
4 23.250900999 159 127
5 23.250900999 -104 -6
6 23.250900999 139 80
7 23.250900999 108 -6
8 23.250900999 201 44
9 23.250900999 222 70
10 23.250900999 123 -13
11 23.250900999 210 83
0 23.260900999 186 25
1 23.260900999 201 122
2 23.260900999 96 51
3 23.260900999 146 95
4 23.260900999 161 126
5 23.260900999 -104 -7
6 23.260900999 141 80
7 23.260900999 107 -7
8 23.260900999 200 44
9 23.260900999 224 69
10 23.260900999 123 -14
11 23.260900999 213 81
0 23.270900999 187 25
1 23.270900999 204 121
2 23.270900999 98 52
3 23.270900999 148 95
4 23.270900999 163 126
5 23.270900999 -105 -7
6 23.270900999 142 79
7 23.270900999 106 -7
8 23.270900999 200 43
9 23.270900999 225 69
10 23.270900999 124 -14
11 23.270900999 214 80
0 23.280900999 188 24
1 23.280900999 206 119
2 23.280900999 99 53
3 23.280900999 150 96
4 23.280900999 165 125
5 23.280900999 -106 -8
6 23.280900999 143 79
7 23.280900999 106 -8
8 23.280900999 199 42
9 23.280900999 227 67
10 23.280900999 124 -15
11 23.280900999 216 79
0 23.290900999 188 23
1 23.290900999 208 119
2 23.290900999 100 53
3 23.290900999 151 95
4 23.290900999 168 125
5 23.290900999 -107 -8
6 23.290900999 145 79
7 23.290900999 105 -8
8 23.290900999 199 41
9 23.290900999 229 66
10 23.290900999 124 -15
11 23.290900999 218 78
0 23.300900999 190 23
1 23.300900999 212 118
2 23.300900999 101 55
3 23.300900999 153 94
4 23.300900999 171 124
5 23.300900999 -107 -9
6 23.300900999 146 79
7 23.300900999 105 -9
8 23.300900999 198 40
9 23.300900999 230 64
10 23.300900999 124 -15
11 23.300900999 219 76
0 23.310900999 190 22
1 23.310900999 214 116
2 23.310900999 103 54
3 23.310900999 155 93
4 23.310900999 173 123
5 23.310900999 -108 -9
6 23.310900999 148 79
7 23.310900999 104 -10
8 23.310900999 199 38
9 23.310900999 231 61
10 23.310900999 124 -16
11 23.310900999 220 74
0 23.320900999 191 20
1 23.320900999 215 114
2 23.320900999 104 54
3 23.320900999 157 93
4 23.320900999 175 122
5 23.320900999 -109 -10
6 23.320900999 150 77
7 23.320900999 103 -11
8 23.320900999 198 37
9 23.320900999 232 60
10 23.320900999 124 -17
11 23.320900999 222 72
0 23.330900999 190 18
1 23.330900999 217 112
2 23.330900999 103 53
3 23.330900999 156 91
4 23.330900999 176 121
5 23.330900999 -110 -11
6 23.330900999 149 75
7 23.330900999 103 -12
8 23.330900999 197 36
9 23.330900999 233 58
10 23.330900999 124 -17
11 23.330900999 223 70
0 23.340900999 188 16
1 23.340900999 217 109
2 23.340900999 103 55
3 23.340900999 157 91
4 23.340900999 175 120
5 23.340900999 -111 -11
6 23.340900999 149 75
7 23.340900999 102 -12
8 23.340900999 197 34
9 23.340900999 232 56
10 23.340900999 124 -18
11 23.340900999 222 67
0 23.350900999 186 14
1 23.350900999 217 108
2 23.350900999 101 54
3 23.350900999 157 89
4 23.350900999 175 119
5 23.350900999 -111 -12
6 23.350900999 148 75
7 23.350900999 101 -13
8 23.350900999 196 33
9 23.350900999 232 54
10 23.350900999 123 -18
11 23.350900999 222 66
0 23.360900999 185 14
1 23.360900999 218 107
2 23.360900999 101 56
3 23.360900999 156 89
4 23.360900999 175 118
5 23.360900999 -112 -12
6 23.360900999 147 74
7 23.360900999 100 -13
8 23.360900999 194 32
9 23.360900999 233 52
10 23.360900999 123 -19
11 23.360900999 221 64
0 23.370900999 184 13
1 23.370900999 218 106
2 23.370900999 102 56
3 23.370900999 157 89
4 23.370900999 177 116
5 23.370900999 -113 -13
6 23.370900999 148 73
7 23.370900999 100 -14
8 23.370900999 194 31
9 23.370900999 234 50
10 23.370900999 123 -19
11 23.370900999 221 62
0 23.380900999 184 12
1 23.380900999 220 104
2 23.380900999 101 57
3 23.380900999 159 88
4 23.380900999 179 116
5 23.380900999 -114 -13
6 23.380900999 149 74
7 23.380900999 99 -15
8 23.380900999 193 29
9 23.380900999 234 49
10 23.380900999 123 -19
11 23.380900999 221 60
0 23.390900999 184 13
1 23.390900999 222 103
2 23.390900999 103 59
3 23.390900999 159 89
4 23.390900999 181 116
5 23.390900999 -115 -14
6 23.390900999 151 74
7 23.390900999 98 -14
8 23.390900999 192 29
9 23.390900999 236 48
10 23.390900999 123 -20
11 23.390900999 223 59
0 23.400900999 184 13
1 23.400900999 224 102
2 23.400900999 104 60
3 23.400900999 160 89
4 23.400900999 183 117
5 23.400900999 -115 -14
6 23.400900999 152 75
7 23.400900999 98 -14
8 23.400900999 191 28
9 23.400900999 237 47
10 23.400900999 123 -20
11 23.400900999 224 59
0 23.410900999 183 12
1 23.410900999 225 101
2 23.410900999 105 62
3 23.410900999 162 89
4 23.410900999 184 116
5 23.410900999 -116 -14
6 23.410900999 153 76
7 23.410900999 97 -14
8 23.410900999 189 27
9 23.410900999 237 45
10 23.410900999 123 -20
11 23.410900999 225 57
0 23.420900999 181 12
1 23.420900999 225 99
2 23.420900999 105 63
3 23.420900999 161 89
4 23.420900999 184 116
5 23.420900999 -117 -15
6 23.420900999 151 75
7 23.420900999 96 -14
8 23.420900999 188 27
9 23.420900999 236 44
10 23.420900999 122 -21
11 23.420900999 223 55
0 23.430900999 179 11
1 23.430900999 224 97
2 23.430900999 103 63
3 23.430900999 160 88
4 23.430900999 184 115
5 23.430900999 -118 -15
6 23.430900999 150 75
7 23.430900999 95 -14
8 23.430900999 186 26
9 23.430900999 235 41
10 23.430900999 122 -21
11 23.430900999 222 54
0 23.440900999 176 9
1 23.440900999 223 96
2 23.440900999 101 63
3 23.440900999 159 87
4 23.440900999 184 112
5 23.440900999 -119 -16
6 23.440900999 148 74
7 23.440900999 93 -15
8 23.440900999 185 25
9 23.440900999 233 39
10 23.440900999 122 -22
11 23.440900999 220 51
0 23.450900999 173 7
1 23.450900999 222 92
2 23.450900999 101 62
3 23.450900999 157 85
4 23.450900999 182 110
5 23.450900999 -120 -17
6 23.450900999 148 72
7 23.450900999 92 -15
8 23.450900999 183 23
9 23.450900999 231 36
10 23.450900999 121 -22
11 23.450900999 218 47
0 23.460900999 172 6
1 23.460900999 223 90
2 23.460900999 100 61
3 23.460900999 158 84
4 23.460900999 182 109
5 23.460900999 -121 -17
6 23.460900999 148 70
7 23.460900999 91 -15
8 23.460900999 182 22
9 23.460900999 232 33
10 23.460900999 121 -23
11 23.460900999 219 46
0 23.470900999 172 5
1 23.470900999 224 88
2 23.470900999 99 61
3 23.470900999 158 83
4 23.470900999 183 107
5 23.470900999 -122 -18
6 23.470900999 148 69
7 23.470900999 90 -15
8 23.470900999 181 21
9 23.470900999 231 31
10 23.470900999 121 -23
11 23.470900999 218 44
0 23.480900999 171 4
1 23.480900999 224 86
2 23.480900999 100 62
3 23.480900999 159 83
4 23.480900999 184 107
5 23.480900999 -123 -18
6 23.480900999 149 69
7 23.480900999 89 -15
8 23.480900999 179 20
9 23.480900999 231 29
10 23.480900999 120 -23
11 23.480900999 218 43
0 23.490900999 170 5
1 23.490900999 224 85
2 23.490900999 100 63
3 23.490900999 159 82
4 23.490900999 185 107
5 23.490900999 -124 -18
6 23.490900999 148 70
7 23.490900999 87 -15
8 23.490900999 178 20
9 23.490900999 230 29
10 23.490900999 120 -24
11 23.490900999 218 42
0 23.500900999 168 5
1 23.500900999 224 85
2 23.500900999 100 65
3 23.500900999 158 83
4 23.500900999 185 106
5 23.500900999 -125 -19
6 23.500900999 147 70
7 23.500900999 87 -15
8 23.500900999 176 20
9 23.500900999 229 28
10 23.500900999 120 -24
11 23.500900999 217 42
0 23.510900999 166 5
1 23.510900999 223 84
2 23.510900999 98 67
3 23.510900999 158 84
4 23.510900999 184 106
5 23.510900999 -126 -19
6 23.510900999 146 71
7 23.510900999 86 -14
8 23.510900999 175 21
9 23.510900999 227 28
10 23.510900999 119 -24
11 23.510900999 213 41
0 23.520900999 162 7
1 23.520900999 221 83
2 23.520900999 97 68
3 23.520900999 156 84
4 23.520900999 183 106
5 23.520900999 -127 -19
6 23.520900999 144 72
7 23.520900999 85 -14
8 23.520900999 173 21
9 23.520900999 224 27
10 23.520900999 119 -24
11 23.520900999 211 41
0 23.530900999 158 7
1 23.530900999 219 82
2 23.530900999 95 69
3 23.530900999 154 85
4 23.530900999 181 106
5 23.530900999 -128 -19
6 23.530900999 142 72
7 23.530900999 83 -14
8 23.530900999 170 22
9 23.530900999 220 26
10 23.530900999 118 -24
11 23.530900999 208 40
0 23.540900999 155 7
1 23.540900999 215 82
2 23.540900999 92 70
3 23.540900999 152 84
4 23.540900999 180 105
5 23.540900999 -130 -20
6 23.540900999 139 72
7 23.540900999 82 -14
8 23.540900999 168 22
9 23.540900999 216 26
10 23.540900999 118 -25
11 23.540900999 205 39
0 23.550900999 151 6
1 23.550900999 214 80
2 23.550900999 90 70
3 23.550900999 150 84
4 23.550900999 178 104
5 23.550900999 -131 -20
6 23.550900999 137 72
7 23.550900999 81 -15
8 23.550900999 166 21
9 23.550900999 213 24
10 23.550900999 117 -25
11 23.550900999 201 38
0 23.560900999 149 6
1 23.560900999 212 78
2 23.560900999 89 71
3 23.560900999 148 83
4 23.560900999 176 104
5 23.560900999 -132 -21
6 23.560900999 136 71
7 23.560900999 79 -15
8 23.560900999 164 21
9 23.560900999 210 22
10 23.560900999 117 -25
11 23.560900999 199 36
0 23.570900999 147 4
1 23.570900999 212 76
2 23.570900999 88 70
3 23.570900999 148 82
4 23.570900999 176 102
5 23.570900999 -133 -21
6 23.570900999 134 71
7 23.570900999 78 -15
8 23.570900999 162 21
9 23.570900999 210 20
10 23.570900999 116 -26
11 23.570900999 198 35
0 23.580900999 146 5
1 23.580900999 212 74
2 23.580900999 87 70
3 23.580900999 147 81
4 23.580900999 177 100
5 23.580900999 -134 -21
6 23.580900999 134 70
7 23.580900999 77 -15
8 23.580900999 161 20
9 23.580900999 208 18
10 23.580900999 116 -26
11 23.580900999 198 32
0 23.590900999 145 4
1 23.590900999 212 72
2 23.590900999 88 71
3 23.590900999 148 80
4 23.590900999 177 99
5 23.590900999 -135 -22
6 23.590900999 134 70
7 23.590900999 76 -15
8 23.590900999 160 20
9 23.590900999 208 17
10 23.590900999 116 -26
11 23.590900999 197 31
0 23.600900999 143 4
1 23.600900999 212 72
2 23.600900999 89 73
3 23.600900999 146 80
4 23.600900999 178 100
5 23.600900999 -136 -22
6 23.600900999 134 70
7 23.600900999 75 -15
8 23.600900999 158 20
9 23.600900999 207 16
10 23.600900999 115 -27
11 23.600900999 197 31
0 23.610900999 142 5
1 23.610900999 211 71
2 23.610900999 89 74
3 23.610900999 147 81
4 23.610900999 177 99
5 23.610900999 -137 -22
6 23.610900999 134 70
7 23.610900999 74 -15
8 23.610900999 157 20
9 23.610900999 206 16
10 23.610900999 115 -27
11 23.610900999 195 31
0 23.620900999 141 6
1 23.620900999 211 72
2 23.620900999 88 75
3 23.620900999 146 82
4 23.620900999 176 100
5 23.620900999 -138 -23
6 23.620900999 134 71
7 23.620900999 72 -15
8 23.620900999 156 20
9 23.620900999 205 16
10 23.620900999 115 -27
11 23.620900999 194 31
0 23.630900999 140 7
1 23.630900999 210 71
2 23.630900999 88 76
3 23.630900999 146 82
4 23.630900999 176 99
5 23.630900999 -139 -23
6 23.630900999 133 71
7 23.630900999 71 -15
8 23.630900999 154 21
9 23.630900999 204 16
10 23.630900999 114 -27
11 23.630900999 194 30
0 23.640900999 139 7
1 23.640900999 210 71
2 23.640900999 89 76
3 23.640900999 146 83
4 23.640900999 176 97
5 23.640900999 -140 -23
6 23.640900999 133 73
7 23.640900999 70 -15
8 23.640900999 153 21
9 23.640900999 203 15
10 23.640900999 114 -27
11 23.640900999 193 30
0 23.650900999 138 7
1 23.650900999 210 71
2 23.650900999 89 77
3 23.650900999 146 82
4 23.650900999 176 100
5 23.650900999 -141 -24
6 23.650900999 133 72
7 23.650900999 69 -15
8 23.650900999 152 20
9 23.650900999 203 15
10 23.650900999 114 -27
11 23.650900999 194 30
0 23.660900999 139 8
1 23.660900999 211 70
2 23.660900999 89 76
3 23.660900999 147 82
4 23.660900999 178 99
5 23.660900999 -141 -24
6 23.660900999 133 72
7 23.660900999 68 -15
8 23.660900999 151 20
9 23.660900999 203 14
10 23.660900999 113 -28
11 23.660900999 193 29
0 23.670900999 139 6
1 23.670900999 211 69
2 23.670900999 90 76
3 23.670900999 145 80
4 23.670900999 179 98
5 23.670900999 -142 -24
6 23.670900999 134 72
7 23.670900999 67 -15
8 23.670900999 150 21
9 23.670900999 203 13
10 23.670900999 113 -28
11 23.670900999 193 29
0 23.680900999 139 6
1 23.680900999 212 66
2 23.680900999 90 76
3 23.680900999 147 81
4 23.680900999 178 98
5 23.680900999 -143 -25
6 23.680900999 135 71
7 23.680900999 66 -15
8 23.680900999 149 21
9 23.680900999 203 12
10 23.680900999 113 -28
11 23.680900999 193 27
0 23.690900999 137 5
1 23.690900999 212 66
2 23.690900999 90 76
3 23.690900999 147 80
4 23.690900999 179 97
5 23.690900999 -144 -25
6 23.690900999 133 70
7 23.690900999 65 -15
8 23.690900999 147 21
9 23.690900999 202 10
10 23.690900999 113 -29
11 23.690900999 193 26
0 23.700900999 138 5
1 23.700900999 212 66
2 23.700900999 91 75
3 23.700900999 147 79
4 23.700900999 178 97
5 23.700900999 -145 -26
6 23.700900999 134 69
7 23.700900999 64 -15
8 23.700900999 146 21
9 23.700900999 202 10
10 23.700900999 112 -29
11 23.700900999 193 25
0 23.710900999 138 4
1 23.710900999 212 65
2 23.710900999 91 76
3 23.710900999 147 78
4 23.710900999 178 95
5 23.710900999 -146 -26
6 23.710900999 135 70
7 23.710900999 63 -15
8 23.710900999 145 20
9 23.710900999 201 9
10 23.710900999 112 -29
11 23.710900999 193 26
0 23.720900999 139 5
1 23.720900999 212 66
2 23.720900999 90 76
3 23.720900999 149 79
4 23.720900999 179 96
5 23.720900999 -146 -26
6 23.720900999 134 70
7 23.720900999 62 -15
8 23.720900999 144 20
9 23.720900999 200 10
10 23.720900999 112 -29
11 23.720900999 194 25
0 23.730900999 139 5
1 23.730900999 211 66
2 23.730900999 92 76
3 23.730900999 147 80
4 23.730900999 178 97
5 23.730900999 -147 -26
6 23.730900999 133 70
7 23.730900999 60 -15
8 23.730900999 143 20
9 23.730900999 202 10
10 23.730900999 112 -29
11 23.730900999 192 26
0 23.740900999 138 6
1 23.740900999 211 66
2 23.740900999 92 75
3 23.740900999 147 81
4 23.740900999 177 96
5 23.740900999 -148 -27
6 23.740900999 134 71
7 23.740900999 59 -15
8 23.740900999 141 20
9 23.740900999 201 11
10 23.740900999 111 -29
11 23.740900999 192 27
0 23.750900999 138 6
1 23.750900999 210 66
2 23.750900999 91 76
3 23.750900999 147 81
4 23.750900999 176 97
5 23.750900999 -149 -27
6 23.750900999 132 71
7 23.750900999 58 -15
8 23.750900999 140 20
9 23.750900999 201 12
10 23.750900999 111 -30
11 23.750900999 191 28
0 23.760900999 137 7
1 23.760900999 209 66
2 23.760900999 91 75
3 23.760900999 146 81
4 23.760900999 176 97
5 23.760900999 -150 -27
6 23.760900999 132 71
7 23.760900999 57 -15
8 23.760900999 139 20
9 23.760900999 201 12
10 23.760900999 111 -30
11 23.760900999 191 28
0 23.770900999 137 8
1 23.770900999 209 69
2 23.770900999 90 77
3 23.770900999 146 82
4 23.770900999 176 98
5 23.770900999 -151 -27
6 23.770900999 132 72
7 23.770900999 56 -15
8 23.770900999 139 21
9 23.770900999 200 13
10 23.770900999 110 -30
11 23.770900999 190 29
0 23.780900999 136 8
1 23.780900999 209 69
2 23.780900999 90 77
3 23.780900999 145 83
4 23.780900999 176 99
5 23.780900999 -152 -27
6 23.780900999 132 73
7 23.780900999 55 -15
8 23.780900999 138 22
9 23.780900999 200 13
10 23.780900999 110 -30
11 23.780900999 190 30
0 23.790900999 135 10
1 23.790900999 208 69
2 23.790900999 89 79
3 23.790900999 145 83
4 23.790900999 175 100
5 23.790900999 -153 -28
6 23.790900999 131 74
7 23.790900999 54 -14
8 23.790900999 137 22
9 23.790900999 200 15
10 23.790900999 110 -30
11 23.790900999 189 31
0 23.800900999 135 11
1 23.800900999 206 70
2 23.800900999 89 80
3 23.800900999 144 84
4 23.800900999 174 100
5 23.800900999 -154 -28
6 23.800900999 130 75
7 23.800900999 52 -14
8 23.800900999 136 23
9 23.800900999 198 16
10 23.800900999 109 -30
11 23.800900999 188 32
0 23.810900999 134 11
1 23.810900999 206 71
2 23.810900999 88 81
3 23.810900999 143 85
4 23.810900999 173 101
5 23.810900999 -155 -28
6 23.810900999 129 76
7 23.810900999 51 -14
8 23.810900999 136 24
9 23.810900999 198 17
10 23.810900999 109 -30
11 23.810900999 188 33
0 23.820900999 133 13
1 23.820900999 205 71
2 23.820900999 88 81
3 23.820900999 143 85
4 23.820900999 173 101
5 23.820900999 -156 -28
6 23.820900999 129 76
7 23.820900999 50 -14
8 23.820900999 135 25
9 23.820900999 196 17
10 23.820900999 109 -30
11 23.820900999 186 33
0 23.830900999 133 13
1 23.830900999 204 71
2 23.830900999 87 83
3 23.830900999 141 86
4 23.830900999 172 101
5 23.830900999 -157 -28
6 23.830900999 129 76
7 23.830900999 49 -14
8 23.830900999 134 25
9 23.830900999 195 17
10 23.830900999 108 -30
11 23.830900999 186 34
0 23.840900999 132 14
1 23.840900999 203 71
2 23.840900999 87 82
3 23.840900999 141 86
4 23.840900999 171 103
5 23.840900999 -158 -29
6 23.840900999 128 78
7 23.840900999 48 -13
8 23.840900999 133 27
9 23.840900999 195 18
10 23.840900999 108 -30
11 23.840900999 185 35
0 23.850900999 132 14
1 23.850900999 202 71
2 23.850900999 88 82
3 23.850900999 141 87
4 23.850900999 170 103
5 23.850900999 -158 -29
6 23.850900999 128 77
7 23.850900999 46 -13
8 23.850900999 132 26
9 23.850900999 194 18
10 23.850900999 108 -30
11 23.850900999 184 35
0 23.860900999 131 14
1 23.860900999 202 73
2 23.860900999 87 83
3 23.860900999 141 87
4 23.860900999 170 103
5 23.860900999 -159 -29
6 23.860900999 127 78
7 23.860900999 45 -13
8 23.860900999 131 27
9 23.860900999 193 19
10 23.860900999 107 -30
11 23.860900999 183 35
0 23.870900999 131 16
1 23.870900999 202 75
2 23.870900999 87 84
3 23.870900999 141 88
4 23.870900999 169 104
5 23.870900999 -160 -29
6 23.870900999 128 78
7 23.870900999 44 -13
8 23.870900999 131 28
9 23.870900999 192 20
10 23.870900999 107 -30
11 23.870900999 184 36
0 23.880900999 131 16
1 23.880900999 202 76
2 23.880900999 87 84
3 23.880900999 140 88
4 23.880900999 169 105
5 23.880900999 -161 -29
6 23.880900999 126 80
7 23.880900999 43 -12
8 23.880900999 130 29
9 23.880900999 193 21
10 23.880900999 107 -30
11 23.880900999 183 37
0 23.890900999 130 18
1 23.890900999 201 77
2 23.890900999 86 85
3 23.890900999 139 90
4 23.890900999 170 106
5 23.890900999 -162 -29
6 23.890900999 126 81
7 23.890900999 42 -12
8 23.890900999 129 30
9 23.890900999 192 23
10 23.890900999 106 -30
11 23.890900999 183 39
0 23.900900999 130 19
1 23.900900999 201 78
2 23.900900999 86 86
3 23.900900999 139 91
4 23.900900999 169 108
5 23.900900999 -163 -29
6 23.900900999 126 82
7 23.900900999 40 -12
8 23.900900999 128 31
9 23.900900999 191 23
10 23.900900999 106 -30
11 23.900900999 183 40
0 23.910900999 130 20
1 23.910900999 201 79
2 23.910900999 85 87
3 23.910900999 138 91
4 23.910900999 168 109
5 23.910900999 -164 -29
6 23.910900999 125 82
7 23.910900999 39 -11
8 23.910900999 128 32
9 23.910900999 191 25
10 23.910900999 106 -30
11 23.910900999 182 41
0 23.920900999 130 21
1 23.920900999 199 81
2 23.920900999 85 87
3 23.920900999 137 92
4 23.920900999 168 110
5 23.920900999 -165 -29
6 23.920900999 124 83
7 23.920900999 38 -11
8 23.920900999 127 34
9 23.920900999 190 26
10 23.920900999 105 -30
11 23.920900999 181 42
0 23.930900999 130 22
1 23.930900999 200 82
2 23.930900999 85 88
3 23.930900999 137 93
4 23.930900999 167 111
5 23.930900999 -166 -29
6 23.930900999 124 84
7 23.930900999 37 -11
8 23.930900999 127 35
9 23.930900999 189 27
10 23.930900999 105 -30
11 23.930900999 182 43
0 23.940900999 129 23
1 23.940900999 199 84
2 23.940900999 84 89
3 23.940900999 137 95
4 23.940900999 167 111
5 23.940900999 -167 -30
6 23.940900999 124 85
7 23.940900999 36 -10
8 23.940900999 126 36
9 23.940900999 190 29
10 23.940900999 105 -29
11 23.940900999 181 44
0 23.950900999 129 24
1 23.950900999 198 84
2 23.950900999 85 89
3 23.950900999 137 95
4 23.950900999 167 112
5 23.950900999 -167 -30
6 23.950900999 123 86
7 23.950900999 34 -10
8 23.950900999 125 37
9 23.950900999 189 29
10 23.950900999 104 -29
11 23.950900999 180 45
0 23.960900999 130 25
1 23.960900999 198 85
2 23.960900999 85 91
3 23.960900999 136 97
4 23.960900999 167 114
5 23.960900999 -168 -30
6 23.960900999 124 87
7 23.960900999 33 -10
8 23.960900999 125 39
9 23.960900999 188 30
10 23.960900999 104 -29
11 23.960900999 179 47
0 23.970900999 129 27
1 23.970900999 198 87
2 23.970900999 84 93
3 23.970900999 136 98
4 23.970900999 166 115
5 23.970900999 -169 -30
6 23.970900999 124 89
7 23.970900999 32 -9
8 23.970900999 125 40
9 23.970900999 189 32
10 23.970900999 104 -29
11 23.970900999 180 48
0 23.980900999 129 29
1 23.980900999 197 88
2 23.980900999 84 94
3 23.980900999 136 99
4 23.980900999 166 116
5 23.980900999 -170 -30
6 23.980900999 123 90
7 23.980900999 31 -9
8 23.980900999 124 43
9 23.980900999 188 34
10 23.980900999 103 -29
11 23.980900999 179 50
0 23.990900999 128 31
1 23.990900999 197 91
2 23.990900999 84 96
3 23.990900999 134 100
4 23.990900999 166 118
5 23.990900999 -171 -29
6 23.990900999 123 92
7 23.990900999 29 -8
8 23.990900999 123 45
9 23.990900999 188 37
10 23.990900999 103 -29
11 23.990900999 179 52
0 24.000900999 128 33
1 24.000900999 197 92
2 24.000900999 83 98
3 24.000900999 134 103
4 24.000900999 166 120
5 24.000900999 -172 -29
6 24.000900999 123 94
7 24.000900999 28 -8
8 24.000900999 124 46
9 24.000900999 188 39
10 24.000900999 103 -28
11 24.000900999 179 54
0 24.010900999 128 34
1 24.010900999 197 93
2 24.010900999 84 99
3 24.010900999 135 104
4 24.010900999 165 122
5 24.010900999 -173 -29
6 24.010900999 123 95
7 24.010900999 27 -7
8 24.010900999 124 48
9 24.010900999 189 40
10 24.010900999 102 -28
11 24.010900999 178 56
0 24.020900999 128 36
1 24.020900999 198 95
2 24.020900999 83 102
3 24.020900999 135 106
4 24.020900999 166 124
5 24.020900999 -174 -29
6 24.020900999 123 97
7 24.020900999 26 -7
8 24.020900999 124 50
9 24.020900999 188 43
10 24.020900999 102 -28
11 24.020900999 178 57
0 24.030900999 128 37
1 24.030900999 198 96
2 24.030900999 83 102
3 24.030900999 135 108
4 24.030900999 165 125
5 24.030900999 -174 -29
6 24.030900999 124 98
7 24.030900999 25 -6
8 24.030900999 123 51
9 24.030900999 188 43
10 24.030900999 102 -28
11 24.030900999 178 58
0 24.040900999 127 38
1 24.040900999 197 98
2 24.040900999 82 103
3 24.040900999 135 108
4 24.040900999 165 126
5 24.040900999 -175 -29
6 24.040900999 122 100
7 24.040900999 23 -6
8 24.040900999 123 51
9 24.040900999 188 44
10 24.040900999 101 -28
11 24.040900999 179 60
0 24.050900999 127 38
1 24.050900999 197 99
2 24.050900999 82 104
3 24.050900999 135 109
4 24.050900999 165 127
5 24.050900999 -176 -29
6 24.050900999 122 101
7 24.050900999 22 -5
8 24.050900999 123 52
9 24.050900999 187 45
10 24.050900999 101 -27
11 24.050900999 178 61
0 24.060900999 127 40
1 24.060900999 196 101
2 24.060900999 81 105
3 24.060900999 134 110
4 24.060900999 165 128
5 24.060900999 -177 -29
6 24.060900999 122 101
7 24.060900999 21 -5
8 24.060900999 123 54
9 24.060900999 188 46
10 24.060900999 101 -27
11 24.060900999 178 62
0 24.070900999 127 40
1 24.070900999 197 102
2 24.070900999 81 105
3 24.070900999 133 111
4 24.070900999 164 130
5 24.070900999 -178 -29
6 24.070900999 121 103
7 24.070900999 20 -4
8 24.070900999 123 55
9 24.070900999 188 48
10 24.070900999 100 -27
11 24.070900999 178 63
0 24.080900999 126 42
1 24.080900999 196 104
2 24.080900999 80 106
3 24.080900999 133 113
4 24.080900999 164 132
5 24.080900999 -179 -29
6 24.080900999 121 105
7 24.080900999 19 -4
8 24.080900999 122 56
9 24.080900999 188 49
10 24.080900999 100 -27
11 24.080900999 179 64
0 24.090900999 127 43
1 24.090900999 196 106
2 24.090900999 81 108
3 24.090900999 133 115
4 24.090900999 164 133
5 24.090900999 -180 -29
6 24.090900999 122 106
7 24.090900999 17 -3
8 24.090900999 122 58
9 24.090900999 187 52
10 24.090900999 100 -27
11 24.090900999 177 66
0 24.100900999 127 45
1 24.100900999 197 107
2 24.100900999 80 109
3 24.100900999 133 117
4 24.100900999 165 136
5 24.100900999 -181 -29
6 24.100900999 122 108
7 24.100900999 16 -3
8 24.100900999 122 60
9 24.100900999 187 53
10 24.100900999 99 -26
11 24.100900999 178 68
0 24.110900999 127 46
1 24.110900999 196 109
2 24.110900999 80 110
3 24.110900999 132 118
4 24.110900999 164 137
5 24.110900999 -182 -29
6 24.110900999 121 109
7 24.110900999 15 -2
8 24.110900999 122 60
9 24.110900999 188 55
10 24.110900999 99 -26
11 24.110900999 178 69
0 24.120900999 127 47
1 24.120900999 198 111
2 24.120900999 80 111
3 24.120900999 133 119
4 24.120900999 164 139
5 24.120900999 -182 -29
6 24.120900999 122 110
7 24.120900999 14 -1
8 24.120900999 122 61
9 24.120900999 188 57
10 24.120900999 99 -26
11 24.120900999 178 71
0 24.130900999 128 49
1 24.130900999 198 112
2 24.130900999 79 113
3 24.130900999 134 121
4 24.130900999 165 141
5 24.130900999 -183 -29
6 24.130900999 121 111
7 24.130900999 13 -1
8 24.130900999 122 62
9 24.130900999 189 58
10 24.130900999 98 -26
11 24.130900999 178 72
0 24.140900999 129 49
1 24.140900999 199 114
2 24.140900999 81 113
3 24.140900999 135 122
4 24.140900999 164 142
5 24.140900999 -184 -29
6 24.140900999 122 112
7 24.140900999 11 0
8 24.140900999 123 64
9 24.140900999 190 58
10 24.140900999 98 -26
11 24.140900999 180 73
0 24.150900999 130 50
1 24.150900999 199 115
2 24.150900999 82 114
3 24.150900999 135 123
4 24.150900999 165 144
5 24.150900999 -185 -29
6 24.150900999 123 114
7 24.150900999 10 0
8 24.150900999 124 64
9 24.150900999 191 59
10 24.150900999 98 -25
11 24.150900999 180 74
0 24.160900999 130 51
1 24.160900999 201 116
2 24.160900999 82 114
3 24.160900999 135 124
4 24.160900999 166 144
5 24.160900999 -186 -29
6 24.160900999 122 114
7 24.160900999 9 0
8 24.160900999 124 64
9 24.160900999 191 60
10 24.160900999 98 -25
11 24.160900999 181 75
0 24.170900999 131 51
1 24.170900999 201 117
2 24.170900999 82 115
3 24.170900999 136 124
4 24.170900999 167 146
5 24.170900999 -186 -29
6 24.170900999 123 115
7 24.170900999 8 0
8 24.170900999 125 65
9 24.170900999 193 61
10 24.170900999 97 -25
11 24.170900999 182 76
0 24.180900999 132 52
1 24.180900999 203 119
2 24.180900999 83 117
3 24.180900999 136 127
4 24.180900999 168 147
5 24.180900999 -187 -29
6 24.180900999 123 117
7 24.180900999 7 1
8 24.180900999 126 67
9 24.180900999 195 63
10 24.180900999 97 -25
11 24.180900999 185 77
0 24.190900999 133 54
1 24.190900999 204 122
2 24.190900999 83 117
3 24.190900999 137 127
4 24.190900999 169 150
5 24.190900999 -188 -29
6 24.190900999 125 118
7 24.190900999 6 1
8 24.190900999 127 68
9 24.190900999 197 64
10 24.190900999 97 -25
11 24.190900999 184 79
0 24.200900999 134 55
1 24.200900999 206 124
2 24.200900999 85 118
3 24.200900999 138 130
4 24.200900999 170 151
5 24.200900999 -188 -29
6 24.200900999 126 119
7 24.200900999 5 2
8 24.200900999 129 69
9 24.200900999 199 67
10 24.200900999 97 -24
11 24.200900999 187 80
0 24.210900999 136 57
1 24.210900999 209 125
2 24.210900999 86 120
3 24.210900999 140 131
4 24.210900999 171 154
5 24.210900999 -189 -28
6 24.210900999 128 122
7 24.210900999 4 3
8 24.210900999 130 71
9 24.210900999 200 68
10 24.210900999 97 -24
11 24.210900999 188 82
0 24.220900999 137 58
1 24.220900999 210 127
2 24.220900999 87 122
3 24.220900999 141 133
4 24.220900999 172 156
5 24.220900999 -190 -28
6 24.220900999 129 123
7 24.220900999 3 3
8 24.220900999 131 72
9 24.220900999 203 70
10 24.220900999 97 -24
11 24.220900999 191 84
0 24.230900999 139 59
1 24.230900999 211 129
2 24.230900999 88 122
3 24.230900999 142 134
4 24.230900999 174 157
5 24.230900999 -191 -28
6 24.230900999 130 123
7 24.230900999 2 4
8 24.230900999 132 74
9 24.230900999 203 71
10 24.230900999 96 -23
11 24.230900999 192 86
0 24.240900999 141 59
1 24.240900999 213 131
2 24.240900999 89 123
3 24.240900999 143 135
4 24.240900999 175 159
5 24.240900999 -191 -28
6 24.240900999 131 125
7 24.240900999 1 4
8 24.240900999 134 74
9 24.240900999 205 71
10 24.240900999 96 -23
11 24.240900999 193 87
0 24.250900999 142 60
1 24.250900999 214 133
2 24.250900999 90 123
3 24.250900999 144 135
4 24.250900999 176 160
5 24.250900999 -192 -28
6 24.250900999 131 127
7 24.250900999 0 5
8 24.250900999 135 74
9 24.250900999 207 71
10 24.250900999 96 -23
11 24.250900999 194 87
0 24.260900999 143 60
1 24.260900999 216 133
2 24.260900999 91 123
3 24.260900999 145 137
4 24.260900999 176 161
5 24.260900999 -193 -28
6 24.260900999 132 125
7 24.260900999 -1 5
8 24.260900999 136 75
9 24.260900999 209 72
10 24.260900999 96 -23
11 24.260900999 196 87
0 24.270900999 144 60
1 24.270900999 217 134
2 24.270900999 91 123
3 24.270900999 146 137
4 24.270900999 177 161
5 24.270900999 -193 -28
6 24.270900999 132 126
7 24.270900999 -2 6
8 24.270900999 137 76
9 24.270900999 210 73
10 24.270900999 96 -23
11 24.270900999 197 88
0 24.280900999 145 60
1 24.280900999 218 134
2 24.280900999 91 124
3 24.280900999 146 137
4 24.280900999 178 163
5 24.280900999 -194 -28
6 24.280900999 133 127
7 24.280900999 -3 6
8 24.280900999 138 76
9 24.280900999 212 74
10 24.280900999 95 -23
11 24.280900999 198 89
0 24.290900999 145 61
1 24.290900999 220 135
2 24.290900999 91 124
3 24.290900999 146 137
4 24.290900999 179 163
5 24.290900999 -195 -29
6 24.290900999 133 128
7 24.290900999 -4 7
8 24.290900999 139 75
9 24.290900999 212 74
10 24.290900999 95 -23
11 24.290900999 199 89
0 24.300900999 145 61
1 24.300900999 219 137
2 24.300900999 91 124
3 24.300900999 146 138
4 24.300900999 179 164
5 24.300900999 -196 -29
6 24.300900999 134 128
7 24.300900999 -5 7
8 24.300900999 139 75
9 24.300900999 213 74
10 24.300900999 95 -22
11 24.300900999 199 90
0 24.310900999 146 60
1 24.310900999 220 137
2 24.310900999 91 126
3 24.310900999 147 139
4 24.310900999 180 164
5 24.310900999 -196 -29
6 24.310900999 135 129
7 24.310900999 -6 8
8 24.310900999 139 75
9 24.310900999 214 75
10 24.310900999 95 -22
11 24.310900999 200 89
0 24.320900999 146 60
1 24.320900999 221 137
2 24.320900999 91 125
3 24.320900999 146 140
4 24.320900999 180 165
5 24.320900999 -197 -29
6 24.320900999 136 128
7 24.320900999 -7 8
8 24.320900999 139 75
9 24.320900999 215 74
10 24.320900999 95 -22
11 24.320900999 200 89
0 24.330900999 147 60
1 24.330900999 221 137
2 24.330900999 91 124
3 24.330900999 145 139
4 24.330900999 179 165
5 24.330900999 -198 -29
6 24.330900999 135 129
7 24.330900999 -8 9
8 24.330900999 139 75
9 24.330900999 215 75
10 24.330900999 94 -22
11 24.330900999 201 89
0 24.340900999 146 60
1 24.340900999 222 137
2 24.340900999 91 124
3 24.340900999 146 139
4 24.340900999 179 166
5 24.340900999 -199 -29
6 24.340900999 133 130
7 24.340900999 -10 9
8 24.340900999 138 76
9 24.340900999 215 74
10 24.340900999 94 -22
11 24.340900999 200 89
0 24.350900999 147 59
1 24.350900999 220 139
2 24.350900999 90 124
3 24.350900999 147 139
4 24.350900999 179 165
5 24.350900999 -200 -29
6 24.350900999 133 129
7 24.350900999 -11 9
8 24.350900999 138 76
9 24.350900999 216 74
10 24.350900999 93 -22
11 24.350900999 200 89
0 24.360900999 146 59
1 24.360900999 221 138
2 24.360900999 90 123
3 24.360900999 147 139
4 24.360900999 177 165
5 24.360900999 -201 -30
6 24.360900999 132 127
7 24.360900999 -12 10
8 24.360900999 138 75
9 24.360900999 215 75
10 24.360900999 93 -22
11 24.360900999 202 89
0 24.370900999 145 59
1 24.370900999 220 139
2 24.370900999 89 123
3 24.370900999 145 139
4 24.370900999 176 165
5 24.370900999 -202 -30
6 24.370900999 132 127
7 24.370900999 -13 10
8 24.370900999 137 76
9 24.370900999 214 74
10 24.370900999 93 -22
11 24.370900999 200 91
0 24.380900999 145 60
1 24.380900999 218 141
2 24.380900999 87 123
3 24.380900999 144 139
4 24.380900999 176 167
5 24.380900999 -202 -30
6 24.380900999 130 128
7 24.380900999 -15 11
8 24.380900999 136 76
9 24.380900999 215 76
10 24.380900999 92 -22
11 24.380900999 199 91
0 24.390900999 144 61
1 24.390900999 217 142
2 24.390900999 86 123
3 24.390900999 142 141
4 24.390900999 174 169
5 24.390900999 -203 -30
6 24.390900999 130 129
7 24.390900999 -16 11
8 24.390900999 135 77
9 24.390900999 213 78
10 24.390900999 92 -22
11 24.390900999 199 92
0 24.400900999 143 61
1 24.400900999 216 144
2 24.400900999 84 124
3 24.400900999 141 143
4 24.400900999 172 170
5 24.400900999 -204 -30
6 24.400900999 128 130
7 24.400900999 -18 12
8 24.400900999 134 78
9 24.400900999 212 79
10 24.400900999 91 -22
11 24.400900999 197 94
0 24.410900999 142 62
1 24.410900999 215 145
2 24.410900999 83 126
3 24.410900999 140 143
4 24.410900999 172 171
5 24.410900999 -205 -30
6 24.410900999 127 131
7 24.410900999 -19 12
8 24.410900999 133 78
9 24.410900999 212 81
10 24.410900999 91 -21
11 24.410900999 196 96
0 24.420900999 141 62
1 24.420900999 213 147
2 24.420900999 82 125
3 24.420900999 138 144
4 24.420900999 170 172
5 24.420900999 -206 -30
6 24.420900999 125 131
7 24.420900999 -20 13
8 24.420900999 132 79
9 24.420900999 210 82
10 24.420900999 91 -21
11 24.420900999 195 97
0 24.430900999 141 64
1 24.430900999 212 148
2 24.430900999 80 125
3 24.430900999 136 145
4 24.430900999 167 173
5 24.430900999 -207 -30
6 24.430900999 124 131
7 24.430900999 -22 13
8 24.430900999 131 79
9 24.430900999 209 84
10 24.430900999 90 -21
11 24.430900999 194 98
0 24.440900999 140 64
1 24.440900999 212 149
2 24.440900999 78 126
3 24.440900999 136 145
4 24.440900999 166 173
5 24.440900999 -208 -30
6 24.440900999 122 131
7 24.440900999 -23 14
8 24.440900999 131 79
9 24.440900999 208 84
10 24.440900999 90 -21
11 24.440900999 193 100
0 24.450900999 139 63
1 24.450900999 208 149
2 24.450900999 77 124
3 24.450900999 134 144
4 24.450900999 164 174
5 24.450900999 -209 -30
6 24.450900999 121 131
7 24.450900999 -25 14
8 24.450900999 130 78
9 24.450900999 208 84
10 24.450900999 89 -21
11 24.450900999 191 99
0 24.460900999 138 63
1 24.460900999 208 148
2 24.460900999 77 124
3 24.460900999 133 145
4 24.460900999 164 173
5 24.460900999 -210 -30
6 24.460900999 120 130
7 24.460900999 -26 14
8 24.460900999 130 78
9 24.460900999 207 84
10 24.460900999 89 -21
11 24.460900999 191 99
0 24.470900999 138 63
1 24.470900999 207 148
2 24.470900999 76 123
3 24.470900999 133 144
4 24.470900999 163 173
5 24.470900999 -211 -30
6 24.470900999 119 130
7 24.470900999 -27 15
8 24.470900999 129 78
9 24.470900999 206 84
10 24.470900999 88 -21
11 24.470900999 191 99
0 24.480900999 138 62
1 24.480900999 207 148
2 24.480900999 75 123
3 24.480900999 132 143
4 24.480900999 161 174
5 24.480900999 -212 -30
6 24.480900999 119 130
7 24.480900999 -29 15
8 24.480900999 128 78
9 24.480900999 205 84
10 24.480900999 88 -21
11 24.480900999 191 99
0 24.490900999 139 63
1 24.490900999 206 150
2 24.490900999 74 122
3 24.490900999 131 144
4 24.490900999 163 173
5 24.490900999 -213 -30
6 24.490900999 121 131
7 24.490900999 -30 15
8 24.490900999 128 78
9 24.490900999 206 84
10 24.490900999 88 -21
11 24.490900999 192 100
0 24.500900999 139 63
1 24.500900999 207 150
2 24.500900999 75 123
3 24.500900999 132 145
4 24.500900999 164 173
5 24.500900999 -214 -30
6 24.500900999 119 131
7 24.500900999 -32 16
8 24.500900999 128 78
9 24.500900999 205 85
10 24.500900999 87 -21
11 24.500900999 191 100
0 24.510900999 140 63
1 24.510900999 208 149
2 24.510900999 76 123
3 24.510900999 134 144
4 24.510900999 163 174
5 24.510900999 -215 -30
6 24.510900999 120 130
7 24.510900999 -33 16
8 24.510900999 129 79
9 24.510900999 207 86
10 24.510900999 87 -20
11 24.510900999 191 101
0 24.520900999 140 64
1 24.520900999 208 149
2 24.520900999 77 123
3 24.520900999 134 145
4 24.520900999 165 174
5 24.520900999 -216 -31
6 24.520900999 120 130
7 24.520900999 -34 17
8 24.520900999 129 80
9 24.520900999 207 86
10 24.520900999 87 -20
11 24.520900999 192 100
0 24.530900999 140 63
1 24.530900999 210 150
2 24.530900999 78 124
3 24.530900999 134 144
4 24.530900999 164 173
5 24.530900999 -216 -31
6 24.530900999 121 129
7 24.530900999 -35 17
8 24.530900999 129 80
9 24.530900999 208 85
10 24.530900999 86 -20
11 24.530900999 193 100
0 24.540900999 141 63
1 24.540900999 210 149
2 24.540900999 78 122
3 24.540900999 134 144
4 24.540900999 165 173
5 24.540900999 -217 -31
6 24.540900999 123 129
7 24.540900999 -37 17
8 24.540900999 128 81
9 24.540900999 209 84
10 24.540900999 86 -20
11 24.540900999 193 99
0 24.550900999 142 63
1 24.550900999 210 148
2 24.550900999 78 122
3 24.550900999 135 143
4 24.550900999 165 172
5 24.550900999 -218 -31
6 24.550900999 122 129
7 24.550900999 -38 18
8 24.550900999 128 81
9 24.550900999 208 83
10 24.550900999 85 -20
11 24.550900999 194 99
0 24.560900999 142 62
1 24.560900999 209 147
2 24.560900999 79 121
3 24.560900999 135 142
4 24.560900999 165 171
5 24.560900999 -219 -31
6 24.560900999 123 128
7 24.560900999 -39 18
8 24.560900999 127 81
9 24.560900999 208 83
10 24.560900999 85 -20
11 24.560900999 194 98
0 24.570900999 143 61
1 24.570900999 210 146
2 24.570900999 79 120
3 24.570900999 135 140
4 24.570900999 165 171
5 24.570900999 -220 -32
6 24.570900999 123 127
7 24.570900999 -41 18
8 24.570900999 127 81
9 24.570900999 208 83
10 24.570900999 85 -20
11 24.570900999 194 99
0 24.580900999 142 60
1 24.580900999 210 145
2 24.580900999 80 119
3 24.580900999 136 139
4 24.580900999 167 168
5 24.580900999 -221 -32
6 24.580900999 124 126
7 24.580900999 -42 19
8 24.580900999 127 81
9 24.580900999 210 83
10 24.580900999 84 -20
11 24.580900999 195 97
0 24.590900999 144 61
1 24.590900999 210 145
2 24.590900999 81 118
3 24.590900999 137 140
4 24.590900999 167 168
5 24.590900999 -222 -32
6 24.590900999 123 126
7 24.590900999 -43 19
8 24.590900999 127 81
9 24.590900999 211 82
10 24.590900999 84 -20
11 24.590900999 194 96
0 24.600900999 145 60
1 24.600900999 211 144
2 24.600900999 82 117
3 24.600900999 137 138
4 24.600900999 167 168
5 24.600900999 -222 -32
6 24.600900999 125 125
7 24.600900999 -44 19
8 24.600900999 126 82
9 24.600900999 211 82
10 24.600900999 84 -20
11 24.600900999 194 95
0 24.610900999 146 61
1 24.610900999 211 144
2 24.610900999 82 116
3 24.610900999 138 138
4 24.610900999 168 168
5 24.610900999 -223 -32
6 24.610900999 126 124
7 24.610900999 -46 19
8 24.610900999 126 82
9 24.610900999 211 83
10 24.610900999 83 -20
11 24.610900999 195 95
0 24.620900999 146 60
1 24.620900999 211 144
2 24.620900999 83 116
3 24.620900999 138 137
4 24.620900999 168 167
5 24.620900999 -224 -33
6 24.620900999 126 124
7 24.620900999 -47 20
8 24.620900999 125 82
9 24.620900999 211 81
10 24.620900999 83 -20
11 24.620900999 196 95
0 24.630900999 146 60
1 24.630900999 210 142
2 24.630900999 84 116
3 24.630900999 138 137
4 24.630900999 168 166
5 24.630900999 -225 -33
6 24.630900999 126 125
7 24.630900999 -48 20
8 24.630900999 124 83
9 24.630900999 208 81
10 24.630900999 83 -20
11 24.630900999 196 95
0 24.640900999 147 60
1 24.640900999 210 144
2 24.640900999 85 116
3 24.640900999 140 137
4 24.640900999 168 166
5 24.640900999 -226 -33
6 24.640900999 126 123
7 24.640900999 -50 20
8 24.640900999 123 83
9 24.640900999 207 81
10 24.640900999 82 -20
11 24.640900999 195 94
0 24.650900999 148 61
1 24.650900999 210 142
2 24.650900999 85 117
3 24.650900999 140 137
4 24.650900999 168 166
5 24.650900999 -227 -33
6 24.650900999 127 124
7 24.650900999 -51 21
8 24.650900999 122 84
9 24.650900999 209 81
10 24.650900999 82 -20
11 24.650900999 196 95
0 24.660900999 148 62
1 24.660900999 211 142
2 24.660900999 85 116
3 24.660900999 140 136
4 24.660900999 168 165
5 24.660900999 -228 -33
6 24.660900999 127 123
7 24.660900999 -52 21
8 24.660900999 121 84
9 24.660900999 210 81
10 24.660900999 82 -20
11 24.660900999 196 97
0 24.670900999 148 60
1 24.670900999 210 142
2 24.670900999 86 116
3 24.670900999 140 136
4 24.670900999 169 163
5 24.670900999 -228 -33
6 24.670900999 129 123
7 24.670900999 -53 21
8 24.670900999 121 85
9 24.670900999 210 82
10 24.670900999 81 -20
11 24.670900999 197 95
0 24.680900999 148 60
1 24.680900999 209 141
2 24.680900999 87 115
3 24.680900999 140 136
4 24.680900999 169 164
5 24.680900999 -229 -33
6 24.680900999 128 123
7 24.680900999 -55 22
8 24.680900999 119 85
9 24.680900999 209 82
10 24.680900999 81 -20
11 24.680900999 195 96
0 24.690900999 148 61
1 24.690900999 209 140
2 24.690900999 86 114
3 24.690900999 140 134
4 24.690900999 168 161
5 24.690900999 -230 -34
6 24.690900999 129 122
7 24.690900999 -56 22
8 24.690900999 119 86
9 24.690900999 209 81
10 24.690900999 81 -20
11 24.690900999 196 95
0 24.700900999 147 60
1 24.700900999 208 139
2 24.700900999 86 113
3 24.700900999 139 134
4 24.700900999 168 160
5 24.700900999 -231 -34
6 24.700900999 129 121
7 24.700900999 -58 22
8 24.700900999 117 86
9 24.700900999 209 81
10 24.700900999 80 -20
11 24.700900999 194 93
0 24.710900999 148 59
1 24.710900999 207 138
2 24.710900999 87 113
3 24.710900999 140 132
4 24.710900999 168 159
5 24.710900999 -232 -34
6 24.710900999 129 120
7 24.710900999 -59 22
8 24.710900999 116 86
9 24.710900999 207 80
10 24.710900999 80 -20
11 24.710900999 195 93
0 24.720900999 147 59
1 24.720900999 208 137
2 24.720900999 88 112
3 24.720900999 140 131
4 24.720900999 167 157
5 24.720900999 -233 -34
6 24.720900999 129 119
7 24.720900999 -60 23
8 24.720900999 115 87
9 24.720900999 207 80
10 24.720900999 79 -20
11 24.720900999 195 92
0 24.730900999 149 58
1 24.730900999 207 135
2 24.730900999 88 111
3 24.730900999 140 130
4 24.730900999 167 157
5 24.730900999 -234 -34
6 24.730900999 129 120
7 24.730900999 -62 23
8 24.730900999 114 88
9 24.730900999 206 79
10 24.730900999 79 -20
11 24.730900999 194 91
0 24.740900999 148 59
1 24.740900999 207 135
2 24.740900999 88 111
3 24.740900999 140 130
4 24.740900999 168 156
5 24.740900999 -235 -34
6 24.740900999 130 119
7 24.740900999 -63 23
8 24.740900999 113 88
9 24.740900999 206 78
10 24.740900999 78 -20
11 24.740900999 193 91
0 24.750900999 148 58
1 24.750900999 206 135
2 24.750900999 89 111
3 24.750900999 140 130
4 24.750900999 168 156
5 24.750900999 -236 -35
6 24.750900999 130 118
7 24.750900999 -64 24
8 24.750900999 112 89
9 24.750900999 207 79
10 24.750900999 78 -20
11 24.750900999 195 90
0 24.760900999 147 58
1 24.760900999 206 133
2 24.760900999 88 110
3 24.760900999 140 129
4 24.760900999 168 154
5 24.760900999 -237 -35
6 24.760900999 129 117
7 24.760900999 -66 24
8 24.760900999 111 89
9 24.760900999 205 78
10 24.760900999 78 -20
11 24.760900999 192 90
0 24.770900999 147 57
1 24.770900999 203 131
2 24.770900999 88 110
3 24.770900999 141 129
4 24.770900999 166 152
5 24.770900999 -238 -35
6 24.770900999 128 116
7 24.770900999 -67 24
8 24.770900999 110 89
9 24.770900999 205 78
10 24.770900999 77 -20
11 24.770900999 192 91
0 24.780900999 146 58
1 24.780900999 203 131
2 24.780900999 88 109
3 24.780900999 140 127
4 24.780900999 166 151
5 24.780900999 -239 -35
6 24.780900999 128 117
7 24.780900999 -69 24
8 24.780900999 109 90
9 24.780900999 204 78
10 24.780900999 77 -20
11 24.780900999 191 89
0 24.790900999 146 57
1 24.790900999 202 130
2 24.790900999 89 108
3 24.790900999 139 126
4 24.790900999 165 151
5 24.790900999 -239 -36
6 24.790900999 128 115
7 24.790900999 -70 24
8 24.790900999 107 90
9 24.790900999 203 77
10 24.790900999 76 -20
11 24.790900999 190 89
0 24.800900999 146 56
1 24.800900999 202 129
2 24.800900999 89 107
3 24.800900999 139 126
4 24.800900999 164 149
5 24.800900999 -240 -36
6 24.800900999 129 115
7 24.800900999 -71 25
8 24.800900999 106 91
9 24.800900999 203 77
10 24.800900999 76 -20
11 24.800900999 190 89
0 24.810900999 145 56
1 24.810900999 200 128
2 24.810900999 89 106
3 24.810900999 139 124
4 24.810900999 164 148
5 24.810900999 -241 -36
6 24.810900999 128 113
7 24.810900999 -73 25
8 24.810900999 105 91
9 24.810900999 202 76
10 24.810900999 75 -20
11 24.810900999 190 88
0 24.820900999 145 56
1 24.820900999 200 128
2 24.820900999 87 107
3 24.820900999 139 124
4 24.820900999 164 147
5 24.820900999 -242 -36
6 24.820900999 127 113
7 24.820900999 -74 25
8 24.820900999 104 92
9 24.820900999 201 76
10 24.820900999 75 -20
11 24.820900999 188 88
0 24.830900999 144 56
1 24.830900999 198 127
2 24.830900999 89 106
3 24.830900999 139 124
4 24.830900999 163 146
5 24.830900999 -243 -36
6 24.830900999 127 112
7 24.830900999 -76 25
8 24.830900999 103 92
9 24.830900999 199 75
10 24.830900999 74 -20
11 24.830900999 188 87
0 24.840900999 144 56
1 24.840900999 197 126
2 24.840900999 88 106
3 24.840900999 139 122
4 24.840900999 161 145
5 24.840900999 -244 -37
6 24.840900999 126 112
7 24.840900999 -77 25
8 24.840900999 102 93
9 24.840900999 198 74
10 24.840900999 74 -20
11 24.840900999 186 87
0 24.850900999 143 56
1 24.850900999 195 125
2 24.850900999 87 105
3 24.850900999 137 122
4 24.850900999 161 144
5 24.850900999 -246 -37
6 24.850900999 125 111
7 24.850900999 -79 26
8 24.850900999 100 94
9 24.850900999 196 74
10 24.850900999 73 -20
11 24.850900999 184 86
0 24.860900999 142 55
1 24.860900999 195 125
2 24.860900999 87 104
3 24.860900999 137 120
4 24.860900999 160 144
5 24.860900999 -247 -37
6 24.860900999 124 110
7 24.860900999 -80 26
8 24.860900999 99 94
9 24.860900999 195 74
10 24.860900999 73 -20
11 24.860900999 182 85
0 24.870900999 141 55
1 24.870900999 192 123
2 24.870900999 85 104
3 24.870900999 135 120
4 24.870900999 158 142
5 24.870900999 -248 -37
6 24.870900999 123 109
7 24.870900999 -82 26
8 24.870900999 98 95
9 24.870900999 193 73
10 24.870900999 72 -20
11 24.870900999 181 85
0 24.880900999 140 55
1 24.880900999 191 123
2 24.880900999 86 102
3 24.880900999 135 120
4 24.880900999 157 142
5 24.880900999 -249 -37
6 24.880900999 123 109
7 24.880900999 -83 26
8 24.880900999 97 95
9 24.880900999 192 73
10 24.880900999 71 -20
11 24.880900999 181 85
0 24.890900999 140 55
1 24.890900999 189 122
2 24.890900999 85 102
3 24.890900999 133 119
4 24.890900999 157 141
5 24.890900999 -250 -38
6 24.890900999 122 108
7 24.890900999 -85 26
8 24.890900999 95 96
9 24.890900999 190 73
10 24.890900999 71 -20
11 24.890900999 179 84
0 24.900900999 139 55
1 24.900900999 189 121
2 24.900900999 85 101
3 24.900900999 134 118
4 24.900900999 155 140
5 24.900900999 -251 -38
6 24.900900999 123 107
7 24.900900999 -86 27
8 24.900900999 94 96
9 24.900900999 190 72
10 24.900900999 70 -20
11 24.900900999 178 83
0 24.910900999 138 54
1 24.910900999 188 121
2 24.910900999 85 101
3 24.910900999 133 118
4 24.910900999 155 139
5 24.910900999 -252 -38
6 24.910900999 121 107
7 24.910900999 -88 27
8 24.910900999 93 97
9 24.910900999 188 73
10 24.910900999 70 -20
11 24.910900999 177 83
